3
^ Level of requirements, t
20
^ Number of requirements in Level 1
4 3 4 1 5 5 5 3 5 3 4 4 3 5 1 1 3 2 2 3 
^ Costs of requirements in Level 1 (the number is 20)
40
^ Number of requirements in Level 2
8 8 2 6 7 4 5 3 6 3 7 2 6 3 5 2 2 4 2 5 4 5 2 2 8 4 2 4 8 7 3 6 6 4 3 6 4 8 6 7 
^ Costs of requirements in Level 2 (the number is 40)
80
^ Number of requirements in Level 3
9 6 10 6 9 10 7 9 7 6 10 6 5 10 5 6 6 6 5 6 8 10 9 6 10 7 10 8 9 9 6 10 8 8 10 10 6 7 6 8 7 10 7 9 6 6 8 6 7 8 7 7 6 7 9 6 7 6 8 6 6 7 5 7 5 8 9 10 10 6 5 9 8 10 7 8 7 9 7 7 
^ Costs of requirements in Level 3 (the number is 80)
97
^ Number of dependencies
1 85
^ Id of RequirementA1	Id of RequirementB1 
2 98
^ Id of RequirementA2	Id of RequirementB2
2 37
2 92
2 51
2 135
2 73
2 72
3 61
5 114
5 37
5 92
5 48
5 119
6 130
6 42
6 130
6 130
6 130
7 129
7 120
7 68
7 95
7 108
7 54
10 124
10 133
10 127
10 116
11 38
11 101
11 61
12 103
12 125
13 28
13 59
14 135
14 103
14 34
14 107
17 74
17 120
17 50
17 27
17 102
17 88
17 104
19 76
19 34
19 120
20 81
20 33
20 27
20 81
20 129
20 123
20 21
21 100
21 66
22 77
22 89
24 94
24 126
27 108
29 98
32 118
32 83
34 112
35 79
38 124
38 104
39 90
39 64
40 94
42 89
43 107
43 91
44 132
44 92
45 115
45 98
46 133
47 63
48 82
49 87
49 110
51 136
52 138
52 137
53 77
53 133
54 113
55 61
56 62
57 91
57 138
60 85
^ Id of RequirementA97	Id of RequirementB97
100
^ Number of customers
36 1 66
^ Profit of Customer1 (36)	Number of requests by Customer1 (1)	Requirements List (66)
29 5 68 1 128 139 61
^ Profit of Customer2 (29)	Number of requests by Customer2 (5)	Requirements List (68 1 128 139 61)
33 2 129 59
^ Profit of Customer3 (33)	Number of requests by Customer3 (2)	Requirements List (129 59)
22 2 75 104
33 1 93
34 2 3 120
27 4 47 35 119 66
26 2 75 24
35 4 120 133 108 19
36 2 77 60
28 1 50
31 5 63 24 81 126 123
29 3 36 102 59
30 5 22 114 27 120 58
29 5 77 119 23 48 73
36 1 61
28 1 81
31 1 78
20 3 94 123 92
24 1 128
35 5 21 91 26 40 107
33 3 109 76 59
26 4 68 120 105 54
34 5 14 38 103 110 29
26 3 91 104 51
34 5 115 73 112 125 56
25 2 108 96
34 3 59 41 72
26 4 133 134 122 59
29 5 100 136 23 98 26
27 1 133
26 4 64 76 67 38
34 5 43 73 83 124 102
28 1 116
28 5 91 103 76 137 106
37 3 75 113 103
32 4 97 96 120 38
23 1 15
30 3 56 84 123
26 2 3 126
27 5 62 12 57 43 51
31 4 79 60 42 75
36 1 24
38 2 105 21
29 4 98 134 64 114
30 5 61 26 27 59 53
28 1 117
29 2 45 139
19 3 21 32 132
25 3 119 107 29
31 5 106 23 118 37 107
36 2 73 93
30 2 86 102
28 5 39 76 63 139 52
24 3 69 127 95
29 5 115 28 119 100 32
35 3 52 90 116
23 5 109 104 90 120 93
26 2 46 85
25 2 101 129
26 1 74
40 2 25 57
23 1 72
25 1 134
33 3 74 104 133
23 1 120
31 5 101 138 118 100 28
35 4 131 114 50 104
35 1 123
27 1 137
41 2 99 23
32 2 81 133
39 3 97 128 51
21 4 65 84 80 30
37 1 67
27 1 64
18 5 86 16 12 78 11
27 1 2
25 4 61 126 63 113
32 2 24 104
28 4 84 85 119 46
29 5 59 79 63 104 88
28 1 73
28 5 116 43 114 83 97
23 2 78 101
32 2 15 120
22 2 40 77
25 1 134
22 4 124 81 61 98
24 2 43 121
35 3 121 93 33
23 5 37 97 34 73 53
31 3 124 74 91
21 3 137 71 41
35 5 85 125 58 104 40
27 1 104
27 5 79 123 63 34 87
33 2 101 134
28 3 83 37 85
22 1 85
^ Profit of Customer100 (22)	Number of requests by Customer100 (1)	Requirements List (85)
