5
20
4 4 3 5 5 1 5 4 5 1 5 4 4 3 2 2 1 4 4 2 
40
7 4 3 2 7 5 6 5 3 3 3 4 3 7 7 2 5 2 5 3 7 7 7 3 5 6 7 5 4 3 5 5 2 5 7 5 6 2 6 4 
80
3 4 8 8 9 4 4 7 7 3 7 3 7 3 9 3 4 5 3 8 7 9 4 3 9 9 6 7 6 5 7 5 5 7 7 7 9 3 6 5 9 5 6 6 5 7 8 3 9 4 7 7 8 4 6 9 5 6 4 7 9 8 4 3 6 9 8 8 7 9 3 3 5 4 3 9 7 8 8 8 
160
8 6 5 5 5 10 7 10 5 6 10 6 6 6 7 9 5 10 6 8 8 10 8 9 7 7 4 4 4 4 10 10 8 5 8 6 6 10 6 6 4 9 9 5 4 7 9 8 9 5 8 9 6 9 6 8 9 10 7 10 7 9 8 7 9 10 9 8 9 5 8 7 9 6 7 4 8 4 9 10 9 7 8 5 6 4 5 6 9 6 10 4 4 6 10 4 10 9 10 7 7 8 10 7 5 4 9 7 8 7 6 9 10 6 9 10 6 7 10 7 10 8 4 5 8 10 10 5 7 4 8 7 4 4 9 5 4 8 5 7 8 8 5 4 7 9 7 7 8 9 6 9 7 8 7 9 4 5 7 9 
320
9 8 5 8 14 10 6 8 5 10 10 5 14 10 8 5 5 10 14 9 14 6 8 10 13 6 10 6 13 7 8 14 14 9 13 7 6 6 10 12 10 6 6 6 5 12 14 11 7 7 12 6 9 6 10 8 8 6 5 10 15 15 7 11 14 8 13 7 11 13 15 10 12 10 12 9 15 11 11 7 13 8 12 11 11 9 7 12 13 6 15 8 13 12 11 10 7 6 14 10 15 11 11 8 15 12 10 15 15 9 6 13 8 12 7 9 13 9 10 12 14 8 14 5 8 8 8 7 8 12 7 12 6 12 15 8 9 7 11 13 12 14 9 15 10 11 6 15 5 11 9 9 11 8 12 10 6 12 12 9 9 12 5 9 7 14 6 7 15 15 8 6 14 13 5 7 9 10 11 5 7 9 12 7 7 6 12 10 12 9 9 13 9 9 7 8 14 5 10 7 9 7 12 9 9 13 15 5 10 10 11 7 13 15 13 10 6 9 12 14 5 5 11 9 14 9 13 6 11 13 6 8 13 9 14 6 10 8 11 7 6 12 14 10 5 7 5 11 7 12 8 10 13 6 5 15 9 12 11 13 7 9 8 14 8 11 14 12 10 11 13 9 5 12 13 12 5 6 15 5 6 5 5 13 13 11 5 14 13 10 12 8 13 9 15 6 10 13 14 13 8 14 6 9 6 10 14 14 6 10 14 11 7 14 11 10 5 11 15 14 
556
1 531
1 138
2 570
2 78
2 340
2 435
2 145
2 401
3 534
4 241
4 128
4 619
4 436
4 234
4 473
6 506
6 225
6 161
6 410
6 372
6 435
8 493
8 453
8 144
8 369
8 68
8 443
8 428
8 92
9 24
9 566
9 453
9 119
9 79
9 258
9 92
9 447
10 359
10 304
10 92
10 160
10 412
10 178
10 276
11 160
11 509
11 431
11 340
12 35
15 124
15 255
15 402
16 339
17 357
17 482
17 137
18 561
18 267
18 286
18 447
18 493
18 549
19 612
19 242
19 56
19 223
19 371
20 339
20 114
20 51
20 65
20 196
21 239
22 318
22 355
22 534
23 189
23 143
23 444
23 505
23 502
25 493
25 547
28 493
28 153
28 475
28 87
28 458
28 493
29 342
29 410
29 450
29 144
29 180
31 376
31 563
31 327
31 574
32 101
32 182
32 129
32 476
32 573
32 291
33 446
33 496
33 487
34 172
34 290
34 545
34 501
34 290
34 462
35 428
35 340
35 453
35 518
35 308
35 295
37 102
37 368
37 526
37 191
37 238
38 393
38 395
38 192
38 387
38 456
38 617
39 600
39 93
40 358
40 562
41 278
41 602
42 256
42 95
43 534
43 496
43 431
43 240
44 271
44 267
45 462
45 487
45 189
46 581
46 604
46 292
46 580
46 331
47 175
47 477
47 599
47 443
47 586
47 77
49 247
49 240
49 364
49 117
49 160
50 157
50 126
50 428
51 287
51 440
51 177
52 74
52 86
52 618
52 171
52 96
52 229
53 437
53 139
53 471
53 237
53 408
53 467
54 455
54 531
55 274
55 506
55 173
55 543
56 545
56 146
56 432
56 200
56 230
57 176
58 128
58 423
59 434
60 296
60 326
60 365
60 192
61 234
61 314
62 321
62 500
62 440
62 194
64 256
65 395
65 242
66 154
66 150
66 503
66 326
67 419
67 219
68 225
68 563
69 388
69 383
69 153
70 412
70 260
70 321
71 549
71 564
71 304
71 594
72 307
72 558
73 520
73 503
73 610
73 331
74 290
74 188
74 170
75 304
75 441
76 272
77 578
77 338
78 551
78 182
78 515
79 459
79 394
79 394
80 300
80 366
80 517
80 345
81 402
81 310
81 274
81 594
82 148
82 245
82 498
83 353
83 366
83 591
83 257
84 300
84 167
85 183
85 298
85 254
86 203
86 239
86 429
86 193
87 307
87 381
87 194
87 182
89 165
90 454
91 519
93 177
93 556
93 292
94 187
94 483
94 385
94 245
95 203
95 449
95 494
95 267
96 477
99 202
99 325
100 404
100 395
100 605
101 592
101 485
101 395
101 407
102 435
102 302
103 486
103 539
103 485
103 188
105 243
105 276
105 308
105 569
106 151
106 488
107 285
107 581
107 503
107 306
108 520
108 301
109 272
109 237
109 186
109 251
110 593
112 327
112 575
112 321
112 526
113 345
113 470
113 288
113 174
114 513
114 552
114 447
114 202
116 518
116 426
116 293
117 329
117 467
119 580
119 161
120 572
120 524
121 582
121 558
121 178
121 541
122 613
122 523
123 472
123 585
124 167
124 345
124 276
125 235
125 154
126 422
126 555
129 438
129 561
132 460
132 398
132 375
132 158
133 154
133 441
134 507
134 552
136 307
136 547
136 601
137 357
137 295
137 359
137 195
138 469
138 260
138 368
138 403
139 333
139 442
139 301
140 207
140 610
141 539
141 596
143 421
143 386
145 448
145 384
146 497
146 406
147 480
147 523
149 537
150 599
150 394
151 610
151 419
152 454
152 591
154 479
154 411
155 427
156 319
157 342
159 595
159 408
160 345
161 568
161 375
162 446
163 502
163 573
164 574
164 483
166 495
166 546
167 502
168 442
169 514
169 355
170 552
171 476
171 545
173 516
173 528
175 603
176 458
177 330
177 513
178 563
179 578
180 524
180 448
182 558
182 493
183 456
183 461
185 329
186 478
186 380
187 462
189 456
192 403
194 611
194 482
196 389
196 334
197 465
198 587
198 364
199 616
199 557
200 409
202 488
202 482
203 483
203 518
204 581
205 574
208 502
208 453
209 439
210 580
210 339
211 373
212 428
214 487
214 523
216 423
216 576
217 359
217 434
218 489
218 473
219 519
220 486
220 496
221 478
221 341
225 516
225 597
227 594
227 347
230 556
230 509
233 335
234 532
236 369
236 475
237 436
237 471
238 560
239 338
239 310
240 333
241 442
244 339
244 323
246 549
246 371
247 332
247 592
248 482
248 505
249 487
249 504
252 450
252 442
253 392
254 533
254 527
256 408
256 367
257 413
257 592
261 441
262 459
264 364
264 341
265 304
265 489
268 520
268 306
269 400
270 343
271 543
271 536
272 338
272 555
273 374
275 539
275 322
276 358
277 445
278 577
278 341
280 314
281 365
283 331
283 397
284 309
286 397
287 329
287 440
289 511
289 597
290 307
290 413
292 436
293 342
299 595
299 593
300 367
300 468
500
26 1 98
36 4 530 360 294 230
27 1 215
38 3 207 67 538
21 1 91
21 4 575 489 568 617
33 1 151
34 2 167 212
19 3 275 540 382
38 4 205 379 233 420
22 4 171 448 100 432
20 4 555 29 176 386
35 4 173 354 29 425
23 4 33 500 352 435
26 2 263 406
21 1 240
28 2 326 613
29 5 348 253 180 258 260
26 5 308 476 400 319 499
29 4 306 481 564 596
28 2 426 172
31 2 486 290
31 5 35 499 107 327 421
30 1 164
26 4 421 615 435 462
32 3 482 315 160
31 4 592 300 417 4
34 1 357
29 4 450 167 520 192
26 2 156 352
26 3 501 432 89
22 1 601
27 5 190 332 97 558 356
19 5 76 135 331 207 83
33 5 214 150 443 468 340
25 2 520 27
31 4 113 320 289 303
37 3 487 542 160
22 4 117 459 525 599
28 3 590 229 469
26 1 205
31 1 373
24 2 230 247
18 5 467 343 548 470 575
32 3 321 430 233
31 4 202 133 166 124
27 4 577 541 494 498
35 5 156 606 439 136 73
39 4 392 282 602 118
26 3 302 433 451
29 1 200
23 3 296 445 156
27 2 611 139
19 3 427 374 462
30 5 194 502 225 150 78
27 3 222 453 354
22 2 579 538
31 5 276 506 113 414 416
29 1 253
22 2 340 418
35 4 189 289 142 163
32 3 147 426 261
35 3 432 286 450
32 3 47 618 592
34 3 403 170 176
33 1 325
27 1 488
28 5 309 146 124 324 211
37 3 403 323 469
32 3 186 347 272
30 5 145 411 430 464 613
43 2 154 552
33 2 452 565
36 5 508 563 572 290 170
23 3 591 180 369
33 4 381 486 412 390
32 5 442 570 129 139 275
29 4 503 355 40 122
40 1 342
33 1 561
32 1 468
33 4 321 592 363 62
23 2 444 203
26 1 372
26 3 138 417 542
41 4 522 316 123 587
32 3 377 594 258
36 2 609 358
28 1 363
26 4 310 542 543 430
27 5 326 316 176 209 236
19 2 594 22
31 4 502 80 589 481
33 5 538 451 105 173 444
31 4 324 613 287 601
35 3 199 446 134
30 5 388 30 588 78 272
27 4 203 351 542 398
34 5 209 111 105 181 619
23 3 159 532 506
25 4 188 510 310 330
28 4 552 473 141 478
30 1 469
31 3 319 252 419
23 4 40 487 178 139
38 1 183
36 3 151 418 298
36 5 407 502 352 405 556
28 1 566
25 1 400
39 1 368
24 4 507 542 521 403
24 3 383 563 441
31 2 498 478
24 1 448
19 4 356 344 59 601
28 5 602 418 409 395 385
24 1 304
29 1 217
26 5 361 595 156 278 465
29 3 89 314 482
32 4 367 604 508 266
32 5 147 195 170 454 276
27 1 322
28 5 555 436 213 171 497
32 2 304 193
29 3 147 257 202
34 1 347
29 5 129 583 379 289 488
27 5 426 274 117 254 602
33 2 573 605
35 3 275 537 488
27 1 418
21 1 178
40 5 518 426 472 250 483
30 3 514 184 576
30 3 492 158 546
29 1 255
25 4 452 366 537 593
30 2 321 386
23 4 557 136 405 422
34 3 117 499 418
21 5 402 196 205 167 461
24 1 305
20 4 223 175 477 419
30 3 412 87 365
33 4 168 577 34 134
33 4 310 403 340 445
28 4 142 297 270 182
33 2 373 534
35 2 619 145
20 1 322
31 2 329 259
32 5 320 272 386 535 52
31 1 175
36 4 611 343 221 78
31 2 338 591
29 2 210 322
23 5 252 401 441 173 167
33 3 367 589 354
24 1 220
27 2 477 513
31 5 362 85 495 590 297
42 4 96 461 179 275
22 2 497 60
25 4 81 407 447 187
33 5 506 556 154 322 268
25 2 334 404
28 2 113 309
28 2 195 603
31 2 367 377
30 1 124
33 4 547 550 115 620
27 5 390 343 346 401 605
19 3 254 102 391
25 1 221
30 2 70 89
29 5 444 362 530 361 261
35 5 200 198 37 107 466
22 3 444 340 249
34 4 614 246 361 151
37 3 275 91 457
30 3 178 569 613
26 5 364 464 502 488 207
37 1 266
28 1 182
24 3 557 295 357
39 5 166 412 268 433 389
35 3 275 96 35
25 3 484 482 198
27 5 92 348 229 528 615
31 4 205 396 524 227
31 1 605
34 1 402
29 2 93 243
24 2 510 333
32 1 190
28 5 339 26 76 429 303
36 5 449 539 526 188 57
37 1 409
30 2 278 293
38 1 305
27 1 488
34 5 84 362 83 374 185
31 5 367 253 534 82 310
30 1 373
28 4 227 325 219 132
25 4 333 571 614 211
34 3 441 376 526
30 2 578 396
37 2 333 494
12 2 324 79
29 1 542
29 5 153 67 543 299 619
27 4 583 107 350 615
37 2 458 569
33 2 599 439
32 1 316
21 3 361 557 515
25 5 2 521 108 507 533
32 4 505 578 318 140
29 1 457
37 2 236 584
30 4 430 154 78 557
29 3 276 108 350
30 5 401 232 311 192 283
31 4 548 33 150 71
27 1 248
27 1 437
28 5 402 232 72 328 175
26 2 403 545
27 1 240
26 5 432 328 308 299 354
30 3 587 197 482
29 5 518 68 490 409 149
24 4 71 211 524 258
33 3 121 584 221
27 1 382
26 2 386 362
25 4 473 315 346 358
27 3 364 275 287
29 1 520
38 4 81 161 85 612
38 4 85 162 403 190
26 1 345
36 2 599 382
29 4 387 180 527 437
35 5 115 176 131 339 298
32 3 430 585 537
25 3 354 261 486
34 5 81 604 511 406 315
26 5 233 174 75 31 441
31 5 26 197 466 54 183
33 5 590 446 468 527 423
33 1 210
34 2 477 271
29 5 322 302 484 428 162
28 1 507
34 2 538 333
32 5 315 596 242 572 438
41 4 604 614 311 34
32 4 436 213 200 242
25 3 297 314 524
41 5 445 428 264 285 474
21 2 544 397
26 1 610
27 1 186
26 5 532 439 564 492 582
34 4 163 455 244 423
31 5 322 329 347 71 444
26 3 608 587 246
33 5 433 398 593 152 360
33 4 566 586 301 411
31 4 404 32 546 255
29 5 533 261 167 283 75
28 2 92 26
27 1 212
29 4 70 396 503 508
22 1 171
33 4 24 40 457 267
29 4 433 490 475 618
23 1 105
29 3 362 421 100
24 4 399 86 439 451
26 3 392 549 302
35 1 473
31 4 41 78 3 582
34 1 290
28 3 374 109 62
26 2 569 122
28 4 412 300 511 547
26 1 91
19 4 215 577 381 363
23 2 303 253
31 4 322 466 292 501
25 3 172 282 460
31 5 247 391 432 577 389
26 1 556
33 2 377 242
23 1 387
34 5 271 581 9 596 102
22 4 237 330 209 200
25 4 442 259 268 481
21 5 607 599 372 438 437
34 2 294 530
30 2 296 470
23 1 455
35 3 456 393 171
33 1 178
27 2 336 447
22 1 122
35 2 608 292
36 2 373 349
32 2 482 28
29 5 43 527 617 571 205
37 4 349 458 99 415
28 3 540 413 124
26 1 164
26 1 165
28 5 330 307 325 86 192
23 3 234 330 147
26 3 531 608 200
22 1 541
34 5 203 263 450 282 174
34 5 366 358 224 116 525
25 3 538 464 578
24 2 505 521
27 4 354 273 323 45
18 3 457 198 609
35 4 169 148 584 341
35 3 321 393 425
27 1 144
29 2 443 302
25 1 297
33 2 218 619
33 3 487 152 543
42 1 417
25 2 586 409
37 4 477 231 500 235
34 2 555 59
33 1 589
28 1 249
30 1 304
25 1 390
26 1 588
30 2 466 271
33 3 535 525 301
33 5 500 107 136 383 593
23 4 262 556 420 282
37 2 451 175
29 4 253 543 226 397
29 3 580 393 504
22 2 420 618
31 4 535 530 375 163
31 3 591 263 182
27 2 558 525
30 1 156
26 5 355 484 413 261 157
35 3 379 242 294
28 1 182
37 1 614
31 4 318 366 439 572
21 1 401
35 4 327 472 490 503
24 2 2 374
37 2 396 541
22 2 422 615
32 1 576
29 3 544 547 178
28 4 63 378 493 292
33 3 596 405 287
47 1 159
26 4 330 91 372 154
33 3 336 203 141
35 1 252
29 3 545 504 149
40 4 90 411 561 156
29 3 466 289 413
27 1 620
29 2 465 166
30 1 527
26 1 279
17 2 327 483
32 4 334 88 618 564
34 5 284 138 476 403 368
29 2 196 504
25 5 404 256 605 540 479
31 1 556
36 5 374 385 330 84 331
38 3 380 619 375
36 2 516 286
28 3 302 349 365
29 5 519 617 202 482 237
24 2 117 388
31 1 287
32 1 9
26 3 581 526 147
27 5 497 515 586 172 59
33 2 612 253
24 4 66 299 336 103
33 1 133
25 3 11 295 424
27 4 186 98 421 324
41 4 230 542 457 440
31 1 6
23 5 569 106 327 258 620
30 1 194
22 1 608
30 2 416 511
34 3 543 607 458
34 3 450 390 411
27 5 417 313 426 80 129
37 1 612
31 2 346 489
25 3 177 185 241
34 5 444 225 395 334 392
28 5 51 503 251 374 224
25 3 168 82 179
31 5 131 416 468 338 575
24 4 614 209 504 244
32 5 278 202 520 578 38
25 5 370 488 76 525 170
34 2 415 245
28 1 407
37 2 293 417
28 2 271 491
32 4 47 10 427 334
22 3 373 560 370
39 2 258 614
23 1 104
19 2 160 475
24 3 350 515 57
33 4 235 141 266 539
36 3 310 570 64
34 1 480
26 2 473 535
26 2 141 175
40 2 609 456
28 1 590
33 5 605 434 380 306 185
29 2 100 468
41 4 314 156 350 534
35 5 539 319 476 378 322
35 2 612 401
26 4 610 355 542 381
35 4 523 443 207 126
32 4 591 573 553 355
35 5 340 341 227 331 224
31 5 189 355 162 576 530
24 4 430 41 393 35
27 2 391 72
34 1 451
26 4 310 403 579 582
22 1 103
35 1 606
36 2 603 348
32 4 93 412 385 274
18 1 247
32 1 520
28 3 325 513 257
25 4 275 429 245 210
26 4 337 94 36 157
31 4 492 573 449 355
33 3 355 162 141
35 5 191 554 604 163 392
33 3 503 318 539
36 5 533 206 515 505 290
27 1 497
31 2 211 551
38 2 376 253
32 1 574
31 5 379 500 145 303 224
26 2 232 490
21 1 72
31 3 305 416 102
28 4 253 7 472 75
30 5 518 610 276 327 224
34 5 213 441 491 520 313
25 5 329 614 171 451 424
30 5 351 515 575 268 521
26 4 433 450 452 497
25 1 412
30 5 69 269 429 529 92
25 5 568 537 410 230 457
29 4 3 296 208 488
23 1 598
24 3 601 431 503
27 5 588 353 401 368 480
20 5 550 589 445 601 606
34 5 451 482 475 440 402
42 4 79 152 547 271
36 2 453 606
30 1 27
25 2 357 272
32 2 98 64
28 1 573
21 2 359 64
30 1 592
29 4 467 165 112 484
27 3 417 462 7
