3
250
5 3 1 2 2 5 4 5 4 4 3 5 1 3 4 3 3 1 1 4 3 2 2 3 5 1 2 4 4 3 4 5 5 1 3 5 3 2 1 4 1 4 2 1 1 5 4 2 1 2 3 1 1 1 2 1 4 5 3 4 2 1 1 1 5 1 4 1 5 1 2 1 3 2 3 2 5 1 4 4 5 5 4 4 4 3 1 5 3 5 2 2 4 2 1 5 1 2 1 3 5 1 3 3 5 2 1 2 4 5 3 1 2 3 1 1 1 3 2 3 4 5 2 4 3 5 2 3 2 4 5 2 1 1 1 1 4 5 5 5 5 2 2 4 2 1 4 5 5 1 5 3 4 1 4 4 1 4 2 2 4 4 4 1 4 3 1 1 3 4 1 5 2 5 5 2 5 3 1 4 1 4 1 5 1 4 2 3 1 5 2 3 5 5 1 4 5 4 2 1 2 5 5 1 1 2 1 4 2 4 5 2 3 1 1 1 3 2 2 1 3 5 3 2 1 1 5 4 4 4 4 5 2 4 4 1 5 4 2 2 1 4 4 4 4 5 5 5 2 2 
500
3 3 6 4 2 4 2 6 3 5 8 5 5 2 8 4 6 8 2 8 5 6 5 3 8 7 5 5 8 7 4 6 7 5 6 8 3 7 5 6 2 5 2 7 2 4 8 7 8 4 7 2 2 4 7 3 6 5 5 6 8 4 8 6 8 5 4 8 6 4 8 6 6 2 6 6 3 4 5 6 4 4 7 6 3 2 5 5 7 5 6 2 6 7 7 4 5 5 4 6 4 6 3 7 3 8 8 8 4 8 7 2 6 3 2 2 8 6 4 2 2 7 8 2 4 5 2 5 4 8 2 3 5 5 8 8 8 7 6 7 3 5 2 6 3 6 3 5 7 7 7 8 6 4 4 5 2 5 2 4 5 3 4 6 6 2 7 5 2 4 5 2 5 7 7 7 5 8 7 3 5 3 7 8 3 6 3 5 7 7 5 5 6 5 8 3 2 2 5 6 5 8 7 8 5 5 5 5 6 4 7 4 6 4 3 3 5 3 6 2 5 4 8 2 4 8 4 3 5 8 4 7 8 5 3 6 6 8 8 5 4 4 6 3 6 2 6 6 2 8 2 6 2 7 2 4 5 2 5 2 5 7 6 2 5 5 4 4 2 5 2 7 3 8 7 8 8 3 6 5 5 3 8 2 3 3 2 3 4 5 2 7 2 8 5 2 8 2 4 7 4 8 7 2 3 4 4 8 5 6 5 7 3 4 3 8 4 8 7 7 4 7 2 2 8 8 7 2 5 5 3 8 2 4 4 3 7 8 7 7 8 2 2 6 4 3 8 2 2 6 7 4 7 6 8 8 6 5 7 4 2 7 4 5 4 7 3 2 5 5 4 6 2 3 8 4 4 2 8 8 8 4 4 8 2 3 7 8 6 7 7 5 8 6 8 2 4 3 7 7 8 8 2 8 8 4 3 8 3 8 5 8 3 2 2 7 8 8 4 6 6 5 4 6 5 3 6 6 5 2 8 3 2 8 5 3 5 4 5 7 2 6 4 3 4 5 7 3 6 4 2 5 6 2 2 2 7 3 2 8 7 6 3 4 3 5 2 8 5 6 7 2 8 7 5 3 3 5 5 5 8 7 8 6 4 5 2 5 3 4 3 2 6 6 7 4 7 8 6 5 
750
7 7 9 9 6 5 10 10 8 9 8 5 10 5 5 9 7 6 6 6 6 9 5 6 9 8 8 9 6 6 9 8 6 10 5 10 8 10 7 8 10 5 9 8 8 9 7 8 7 6 9 6 8 6 7 9 6 6 6 9 5 5 7 8 6 9 5 8 10 5 10 8 9 10 7 7 5 9 8 8 6 8 5 6 8 7 9 9 9 8 5 7 7 10 9 5 10 9 5 8 8 7 7 9 7 9 7 6 9 10 8 8 10 7 8 7 7 9 5 7 8 10 8 6 7 10 10 10 7 7 9 9 9 9 6 5 10 8 6 5 6 9 7 10 5 9 7 9 5 10 6 5 7 7 9 8 5 7 7 7 5 6 7 5 6 8 8 10 7 6 9 8 5 9 6 7 10 9 9 9 6 7 9 5 7 10 9 8 5 10 8 10 8 10 5 5 9 5 6 10 6 9 6 6 5 9 8 9 8 9 8 10 7 5 10 9 9 8 8 8 9 5 6 5 8 5 5 8 10 8 9 5 5 8 10 5 10 10 5 7 10 6 7 9 10 5 8 7 5 10 5 7 6 10 6 8 8 10 9 7 9 10 9 6 5 5 8 6 6 9 9 7 9 5 9 7 8 10 7 10 5 6 9 9 7 6 8 8 10 5 9 5 7 7 7 5 6 7 6 10 8 5 10 6 6 6 6 10 8 9 6 8 10 9 10 9 8 8 6 7 10 7 9 8 9 9 6 9 7 5 9 7 10 6 9 8 8 8 6 5 7 7 6 6 8 5 9 8 9 9 7 5 5 9 5 7 7 9 10 6 5 7 7 5 8 7 8 10 10 7 10 8 7 6 9 8 5 10 9 5 8 8 10 7 6 10 7 6 5 6 10 9 9 10 5 6 6 7 7 6 7 6 8 10 8 5 6 9 5 7 6 7 6 9 8 9 7 5 5 5 5 9 10 6 9 8 5 6 5 9 9 6 7 7 10 5 8 5 8 5 5 7 9 8 7 8 8 6 6 5 8 6 8 9 7 9 5 10 10 6 10 8 9 10 6 9 8 10 5 9 10 6 6 5 5 9 9 7 8 7 10 7 5 7 6 6 8 9 9 6 7 6 7 7 9 8 9 7 9 8 7 6 8 9 6 8 10 8 5 5 10 6 7 5 6 6 5 7 5 9 9 7 6 8 6 9 7 9 10 10 8 7 8 5 8 6 5 8 7 9 7 7 9 8 7 6 5 9 6 5 8 5 5 8 10 6 9 6 6 9 5 9 7 10 5 7 9 10 7 9 8 10 8 10 6 7 10 9 10 6 5 7 10 10 5 10 8 10 9 9 10 5 5 6 8 5 9 5 8 5 7 5 10 5 10 9 10 8 7 9 6 6 5 8 9 6 10 8 9 10 8 5 9 7 8 8 7 6 8 8 9 8 9 5 8 10 7 10 7 9 9 9 9 7 6 7 9 7 5 7 7 8 6 5 7 8 5 7 8 8 10 10 9 5 7 6 10 9 10 7 5 10 8 6 9 10 10 9 10 9 6 6 8 8 8 10 7 8 8 5 9 7 8 10 5 10 6 5 9 10 7 9 10 7 10 5 5 8 10 5 9 6 5 5 9 8 7 9 8 7 9 5 6 5 6 7 7 9 5 5 5 7 7 6 10 8 5 6 8 5 8 10 7 6 9 5 5 9 5 7 
1486
1 1305
1 1301
1 862
1 1405
1 1038
1 1122
2 1158
2 952
2 1158
3 1281
3 619
3 1158
3 1439
4 625
4 664
4 720
4 462
4 1437
4 497
5 314
5 379
5 854
5 1295
5 1280
5 1457
5 1082
5 1285
6 1081
6 844
7 586
7 302
7 399
7 1104
7 301
7 1190
7 1339
8 1016
8 626
8 1476
8 527
8 716
8 668
8 581
8 539
9 813
9 1389
9 1104
9 514
9 1485
9 864
9 1116
9 433
10 343
12 257
12 1160
13 697
13 1484
13 251
13 862
13 1368
13 961
13 753
13 640
14 1074
14 1194
15 1346
15 1390
15 416
15 629
15 922
17 825
18 671
19 653
19 513
19 598
20 1250
20 1067
20 1406
20 1474
20 256
20 1156
20 766
21 509
22 296
22 442
22 1446
23 1351
23 1048
23 1200
24 261
24 416
24 1387
24 745
24 1066
24 1299
24 864
25 767
25 750
25 349
25 1058
25 464
25 1275
27 915
27 286
28 813
28 1313
28 1271
28 279
28 461
28 1347
28 1166
28 1053
29 1047
29 643
29 375
29 340
30 813
30 1294
30 324
31 296
33 474
33 1432
33 959
33 767
33 343
33 1176
33 275
34 768
34 1078
34 1266
34 443
34 1223
35 1295
35 798
35 1327
35 457
35 326
35 1471
35 1018
35 1225
36 283
36 1044
36 842
36 832
36 1133
36 800
36 447
36 414
37 789
37 859
37 511
37 265
38 1356
38 844
38 1480
39 357
39 862
39 251
39 575
39 288
39 572
40 818
40 564
41 1213
41 1250
42 848
43 360
44 1241
44 1125
44 1452
44 611
44 471
44 1458
44 806
45 288
45 856
45 1037
45 472
45 650
45 709
45 846
46 447
46 1386
46 897
46 899
46 299
46 495
46 1448
46 510
47 432
47 1032
47 563
47 879
47 1227
47 579
47 1228
48 361
48 832
48 1110
48 421
49 491
49 263
50 1041
50 341
50 1318
50 1020
50 714
50 721
50 953
50 298
51 1415
51 1311
51 253
51 252
51 446
52 1389
52 958
52 298
52 622
52 877
52 1088
52 653
54 650
54 274
54 1042
54 529
55 585
55 489
55 597
55 979
55 1370
55 1272
55 513
55 622
56 1462
56 1000
56 269
56 1376
56 1355
57 821
57 638
57 1115
58 300
58 430
59 469
59 898
59 1294
60 1443
60 1176
61 700
61 701
61 996
62 937
62 1317
62 526
62 1497
62 332
62 273
62 1351
62 551
63 1128
63 940
63 668
63 713
63 1182
64 1167
64 730
64 385
64 1374
64 598
64 1478
64 888
65 601
65 266
65 1166
66 583
66 673
66 753
66 633
66 1093
67 674
67 1198
67 616
67 1383
67 637
67 886
68 600
68 548
68 1282
68 1166
68 705
68 536
68 1085
68 525
69 553
69 1083
69 884
69 278
70 496
70 1466
72 746
72 1447
72 1227
74 724
74 702
75 726
75 1497
75 647
75 334
76 1130
76 1371
76 1399
78 1252
78 890
78 886
78 1287
78 468
78 1001
78 1466
79 434
79 1173
79 1087
79 420
79 1074
79 295
80 1387
80 958
80 983
80 1372
80 1250
80 691
80 1227
80 463
82 945
83 1154
83 512
84 442
84 339
84 879
84 310
84 460
84 1357
84 1249
84 784
85 628
85 1114
85 276
85 1266
85 1290
85 1488
86 301
87 1354
87 1043
87 730
87 341
87 1264
88 746
89 1165
90 920
90 1481
90 1201
90 540
90 642
90 1341
91 1235
91 597
91 761
92 1233
92 549
93 1338
94 1187
94 1000
94 548
95 1008
96 269
96 1461
96 1092
96 821
97 1045
97 1069
97 747
97 459
97 423
97 302
97 721
97 1338
98 955
100 297
100 1201
100 299
100 1131
100 1219
100 740
100 1335
100 782
101 1103
101 560
101 924
101 1006
102 259
103 1053
104 1292
104 714
105 358
105 1414
105 1368
105 1012
105 1201
105 1030
108 492
108 1282
108 999
108 932
108 393
108 361
109 841
110 937
110 922
110 291
110 327
110 269
110 1475
110 987
111 1038
111 778
111 987
111 1225
111 954
111 835
112 1382
112 710
112 1495
112 938
112 1414
112 313
113 358
113 729
113 317
113 1486
113 516
113 812
113 755
113 412
114 791
114 1452
114 945
114 805
114 454
115 1184
115 1120
115 258
116 1233
116 986
117 756
117 437
117 1168
118 426
118 1209
118 1122
119 681
119 1232
120 1462
120 1155
120 792
120 1220
120 1390
121 1233
121 1212
121 394
121 577
121 1373
121 1316
122 874
122 1428
122 462
122 1031
122 1371
123 1136
123 1244
123 680
123 635
123 713
123 429
123 1058
123 916
124 718
125 806
125 1320
125 257
125 1077
125 1162
125 661
126 498
126 534
126 1167
126 1384
126 432
126 1000
127 1035
127 1391
127 510
127 781
127 1134
127 547
127 999
128 682
128 732
128 756
128 450
128 1056
128 322
129 1022
129 827
129 607
129 1241
129 1326
129 1395
129 1411
130 1462
130 804
130 1381
131 1381
131 985
131 757
131 319
131 886
131 510
132 523
133 439
133 487
133 1491
133 499
133 780
133 461
133 1153
133 995
134 1500
134 1109
134 253
134 446
134 628
134 1127
134 395
134 608
135 759
135 809
135 255
135 1319
136 266
136 634
137 708
137 1255
137 444
137 487
137 568
137 527
137 1069
138 347
138 1318
138 705
138 1097
140 1125
140 1475
140 337
140 661
140 507
140 260
140 1055
140 1365
141 389
141 1429
141 986
141 825
142 871
142 663
142 1252
142 1304
142 687
142 1205
144 769
144 1344
144 794
144 1490
144 1185
144 1120
144 402
145 464
145 375
145 357
145 556
145 1328
145 1399
145 1296
145 593
146 253
146 1274
146 592
146 1403
147 794
147 1362
147 500
147 1357
148 356
148 1186
148 1411
148 261
148 1093
148 1291
148 473
149 1197
149 747
149 819
150 924
151 530
151 1119
151 1135
151 811
153 739
153 1219
153 984
153 981
154 1128
154 776
154 1275
154 1462
156 1328
156 484
157 862
157 1108
157 520
157 556
157 303
158 564
158 1398
158 443
158 724
158 362
158 971
158 567
160 961
160 1416
160 350
160 509
160 799
160 931
161 1112
161 1225
162 942
162 605
162 265
162 1366
163 510
163 1453
163 784
163 1397
163 655
164 1402
164 546
164 1177
164 946
164 830
165 935
165 475
165 1457
165 957
165 437
165 556
165 741
165 1380
166 1164
166 911
167 673
167 1421
168 590
168 1387
168 1166
170 625
170 297
170 541
170 1054
170 1068
170 644
170 820
171 814
171 320
171 330
173 748
173 1101
173 515
173 793
174 488
174 1343
175 528
175 366
175 1285
175 1250
175 1082
176 1077
176 675
176 1333
178 875
178 844
178 753
178 1412
178 1043
179 1464
179 606
180 627
180 870
180 851
180 472
180 558
180 844
181 648
182 299
182 487
182 1285
182 898
182 756
182 348
183 1267
183 750
183 1362
184 718
184 1396
184 314
185 257
185 618
185 296
185 926
185 942
185 489
186 477
186 826
186 1441
187 1090
188 1192
189 1474
189 979
189 897
189 1088
189 1237
189 840
189 1362
190 437
190 1158
190 1476
190 1447
190 1280
191 900
191 265
191 409
192 864
192 1218
192 1223
193 907
193 1035
193 587
193 1304
193 326
195 598
196 423
196 402
197 1315
198 379
198 389
198 1249
198 555
198 501
198 1097
199 1492
199 281
199 1352
200 782
200 382
200 1378
200 529
200 704
201 690
201 1499
201 1319
202 1373
202 1353
202 1279
202 1046
202 1257
203 348
203 1109
203 541
203 596
203 283
203 1208
203 874
203 339
204 739
204 793
204 276
204 1181
204 567
204 571
205 642
205 882
205 1151
205 1247
205 876
205 561
207 1400
207 689
207 430
207 680
207 925
207 258
208 920
209 967
209 363
209 647
210 1296
211 1019
211 594
211 882
211 1119
211 667
212 722
212 930
212 645
213 323
213 1186
213 378
214 639
214 1049
214 1442
214 1476
214 1217
214 817
214 278
215 1293
215 1217
215 1149
215 404
215 1392
215 373
215 1152
215 1010
216 350
216 1084
216 660
216 338
216 887
216 1221
216 526
217 1429
217 360
217 465
218 420
218 1182
218 315
218 257
218 887
218 672
218 1404
219 767
219 874
219 972
219 571
220 1470
220 1471
221 1292
221 821
221 1356
221 1251
221 867
222 1050
223 515
223 1379
224 259
224 663
224 1230
225 1431
225 374
225 1121
226 1194
226 276
226 277
226 257
227 652
227 526
227 1310
227 747
228 1010
229 398
230 963
231 387
232 284
232 713
232 318
232 1044
232 584
232 1110
233 1198
233 446
233 1406
233 701
233 783
233 1063
233 577
233 928
234 641
234 345
234 711
234 751
234 605
234 462
234 983
234 493
235 1332
235 451
236 661
236 320
236 537
236 849
236 1168
236 1299
237 743
238 671
238 1214
239 607
239 1017
239 900
239 752
239 1345
239 793
240 513
240 327
240 423
240 1276
240 717
240 792
240 1326
240 423
241 416
241 820
241 1070
241 1303
241 347
241 1060
242 1465
242 475
242 1439
242 826
242 470
242 1020
242 949
242 1212
243 259
243 985
243 774
243 1260
243 1422
243 342
243 1272
243 1037
245 320
245 646
246 700
246 700
246 793
246 1124
246 599
246 522
246 412
246 462
247 386
247 984
247 906
247 677
248 718
248 1453
248 472
248 504
248 1369
248 1127
248 847
249 1229
249 1023
249 1172
250 1268
250 300
250 1117
250 277
250 987
250 1153
250 1432
250 1200
251 1449
252 982
256 1446
258 1195
258 947
259 905
259 1074
263 1434
263 1422
265 953
267 911
268 947
268 966
269 1040
269 1106
270 1208
270 1164
272 824
272 856
273 811
278 1378
279 912
280 1114
281 1148
281 1186
282 1252
282 1331
285 1296
286 821
286 789
287 1096
288 1456
289 788
290 1431
290 1411
292 942
292 990
293 885
293 1359
294 1438
295 1075
295 1439
296 754
297 793
298 1213
300 1240
300 1368
301 1487
303 924
303 943
304 859
304 1481
305 1303
306 806
306 1363
307 1436
307 1084
308 1341
309 919
310 1080
311 1177
311 960
312 1400
313 1434
314 778
314 983
315 1487
317 1395
317 1149
319 1254
319 1111
320 1124
321 1021
321 824
323 989
324 759
326 1139
327 1312
327 1497
328 1044
328 1459
330 757
331 1097
333 1290
333 1441
336 971
336 1284
339 867
339 860
340 931
340 1464
341 947
342 948
342 1382
344 894
346 805
346 929
347 1408
347 1348
348 1431
349 885
350 1062
350 943
351 1387
352 1187
352 1228
353 1173
355 1073
355 1041
357 1406
357 1318
358 1181
359 1377
359 1040
360 1069
362 951
363 1446
363 989
364 1090
365 937
365 847
366 1490
366 1479
367 1133
369 1167
372 1409
372 1446
374 784
375 1136
375 1072
376 1117
376 892
378 1115
379 1377
380 1360
380 1081
381 1058
381 846
382 944
382 997
384 763
388 782
388 792
389 762
389 1477
390 1448
392 822
392 1201
393 1456
394 1424
394 1162
395 777
397 1191
403 895
403 1064
404 1456
404 1097
406 1096
406 1100
407 791
408 1024
409 1244
412 1419
413 1118
413 1312
414 1031
414 1345
415 1091
416 1332
416 857
417 961
418 1251
418 1414
421 1361
422 1213
425 1447
426 1415
428 1282
428 1265
430 1083
430 814
431 1498
431 1339
432 825
432 1360
433 946
435 968
435 903
436 1460
436 1358
437 1368
439 1026
440 903
440 1169
443 1138
444 1473
444 996
445 1490
447 1260
447 1460
448 1483
449 1207
451 835
451 833
453 1223
453 1315
454 1219
456 997
456 1341
458 1451
458 1273
459 1119
460 893
461 962
462 1061
463 1333
463 1400
464 1147
464 815
465 911
466 1408
466 969
468 1495
470 1126
471 1395
475 1369
476 839
476 1013
479 1218
479 1198
480 890
482 1138
482 769
485 793
485 1300
486 947
487 790
488 784
491 1148
492 1431
492 1469
493 1319
493 1097
494 1216
494 1149
495 1297
495 755
496 1167
496 1259
499 997
499 1085
500 1082
501 1497
501 972
503 758
504 1342
504 1181
505 1376
505 1061
506 1018
506 1400
507 1426
507 816
508 1179
508 1252
509 1432
509 1185
510 1414
513 1115
516 1245
516 1346
519 1045
519 779
520 1125
521 1267
522 1305
522 1061
523 1139
524 1423
524 1258
525 886
525 936
527 1442
528 1314
530 871
531 1271
532 1245
534 926
534 1002
537 1200
538 904
539 1477
540 990
542 1500
542 1386
546 971
548 1263
548 771
550 1153
553 857
554 751
555 879
555 1100
558 1471
560 758
560 1343
565 1068
566 1364
567 998
568 1392
568 1280
569 1384
569 1356
570 945
570 1156
572 1178
573 1428
574 846
574 1394
576 1450
576 786
577 1402
578 1091
578 1074
580 1282
581 774
582 1079
582 1354
583 1266
583 1493
585 774
585 1027
586 810
587 1068
587 1433
589 1428
589 1012
590 1049
590 824
592 1348
593 1095
593 905
594 1144
594 1310
596 1044
596 801
599 1388
602 1139
605 1319
605 827
606 1130
606 1084
607 903
608 1440
608 1450
609 954
613 806
613 907
614 1328
615 1365
615 1314
616 1497
617 782
617 1494
618 1254
620 811
621 1118
621 1105
622 1315
624 1230
624 1143
627 803
627 1098
629 827
629 1299
630 1481
631 1108
631 1270
633 751
633 1098
634 1040
635 1202
635 837
636 1035
638 1127
638 1036
639 992
639 938
641 903
647 948
647 1141
650 874
652 825
652 989
653 786
654 1093
654 1223
655 1151
655 1103
656 765
656 1069
659 992
660 799
661 1364
661 917
662 1467
662 1089
663 1143
665 1177
665 1132
668 1413
671 1382
673 1240
673 1133
675 1093
675 890
677 996
679 1480
679 1275
681 1193
684 1203
685 1394
687 1018
688 862
689 965
690 1485
690 916
691 896
692 1410
692 1444
694 1305
694 1352
695 845
695 1401
696 1084
696 982
697 1458
698 936
698 825
699 1293
700 842
701 1296
702 989
702 1176
705 796
708 1095
709 879
709 1293
712 1177
712 1246
713 1364
715 884
715 1000
716 1330
717 1333
717 1486
718 879
719 1103
719 1019
720 1042
722 1350
725 1331
725 916
726 1106
726 928
728 1180
728 1034
729 1167
729 1099
730 1006
730 1304
731 968
732 1410
734 1290
734 1351
735 1387
737 1484
737 1003
738 881
740 1340
740 1421
742 1275
742 939
743 1195
746 1287
746 1141
747 1227
748 1408
748 1336
749 983
749 1039
750 979
750 1010
500
29 4 757 1088 849 1169
23 3 639 68 284
22 1 1109
34 2 1036 492
37 5 1222 185 1240 982 1401
31 2 965 1234
30 1 542
38 4 368 950 453 531
32 4 1468 1105 786 657
29 2 406 324
35 5 1035 936 1169 501 1032
36 1 685
33 3 1296 804 251
30 2 483 890
34 2 533 524
22 5 1355 668 948 1151 519
25 2 491 1057
39 4 85 1201 1315 425
29 3 885 988 1490
35 2 1451 516
26 4 1330 1065 758 757
28 4 817 789 358 1325
38 3 932 472 396
31 1 679
29 2 1397 822
27 3 328 295 585
29 2 1383 1295
27 1 1433
26 3 945 323 1455
25 5 506 483 1326 837 399
24 4 598 691 1449 847
36 1 97
25 1 234
30 3 1288 123 576
31 3 1354 1202 1341
23 5 349 1356 1360 1345 744
25 1 618
31 1 447
31 3 287 957 1205
31 5 23 773 733 1100 1171
25 1 265
27 5 235 1461 935 1041 1391
36 2 932 922
31 3 876 719 175
38 5 1385 795 1209 845 294
31 3 394 1438 903
24 5 807 1332 258 991 100
35 5 749 1232 1426 1067 923
28 1 1100
28 5 661 1413 812 1369 302
25 5 630 261 1057 255 834
30 5 762 1233 1065 934 1407
16 3 1127 1069 643
31 5 1321 1154 161 874 473
29 1 1170
30 3 343 1400 1173
28 1 237
34 5 265 490 823 1302 105
34 5 978 1274 789 1156 1067
32 5 758 161 1008 1107 1373
32 2 1432 1399
27 3 1071 523 1158
35 4 1081 539 751 91
28 2 971 342
26 4 818 314 10 1319
33 4 253 227 140 865
28 4 1095 654 753 1042
35 4 848 855 1394 1448
34 1 502
27 2 978 705
35 5 1144 975 1108 760 669
23 1 759
31 4 1068 447 509 1495
25 3 669 1454 589
31 2 726 1183
26 3 1093 435 918
34 4 1167 192 991 1217
29 4 1238 562 1053 1286
27 5 630 723 363 654 511
28 4 682 1208 1345 765
27 1 130
31 3 745 979 1077
26 5 255 237 1108 82 863
26 2 753 314
27 3 494 94 667
30 2 1047 1083
34 2 1472 869
28 5 1472 415 1477 1166 1345
22 5 141 706 1212 1149 1052
28 1 103
33 2 1079 1007
30 5 488 676 1115 1417 1075
30 1 1435
31 2 1412 353
24 2 984 223
31 3 448 1405 176
33 4 1230 1256 606 1070
38 3 1279 773 1347
29 2 1340 1286
32 5 1418 1383 1212 383 810
38 3 1211 919 607
29 4 958 1107 862 1373
29 3 835 1220 1301
28 2 529 500
29 2 1184 725
31 2 380 878
26 4 261 235 1058 689
28 4 816 1210 280 528
25 4 475 146 831 1319
30 2 35 205
26 2 95 780
27 4 35 113 645 1215
33 2 609 444
35 3 703 6 579
26 4 1124 722 1155 656
33 4 283 461 284 577
28 2 564 587
32 5 1266 974 1120 1254 595
25 4 668 1013 1007 284
24 1 990
33 3 981 1042 1349
27 1 517
26 2 1382 1139
33 1 1215
32 3 456 512 800
34 5 1360 538 1199 681 1286
31 1 336
43 2 486 1381
26 2 368 1020
32 2 768 338
23 2 31 1303
25 1 312
15 5 1050 467 864 1039 903
32 3 722 785 448
27 2 717 1362
36 4 1219 211 585 1483
29 5 1427 641 237 330 497
23 1 378
23 2 831 959
33 1 1389
36 1 1366
21 4 497 885 794 929
40 2 1214 402
28 3 76 966 651
25 1 322
28 2 610 1269
32 1 431
24 2 38 422
33 4 955 1318 124 1284
29 2 1286 1277
26 5 483 409 545 89 1227
36 1 831
32 2 737 1023
22 2 810 1103
28 3 1099 654 1109
24 1 1148
35 5 810 54 758 1429 622
31 4 718 923 879 600
33 3 1319 1322 438
35 4 331 43 365 821
24 2 832 609
30 4 1111 1468 794 734
31 4 1193 1219 970 295
22 2 791 661
24 2 179 614
28 4 1447 1266 1010 1119
26 5 892 47 1297 799 760
26 2 1019 1037
43 4 714 856 729 748
27 3 218 303 984
29 2 964 224
22 1 692
22 1 41
20 5 840 1337 94 332 1058
30 1 993
27 2 107 879
33 2 1191 525
31 1 1249
37 3 172 1281 600
30 3 1199 506 437
28 3 974 1181 884
25 1 1399
21 5 790 981 201 838 1422
35 1 1467
36 1 1386
30 5 1359 734 1483 1264 1007
35 1 832
27 1 997
38 1 643
13 3 1186 545 1411
30 4 1321 1391 885 790
34 5 873 1004 1303 415 1271
20 3 959 1082 851
28 1 1368
28 2 756 1007
33 2 315 226
24 2 1372 1309
33 2 899 712
27 2 1364 388
25 2 1094 441
29 1 902
33 4 408 1489 1351 1469
35 3 255 572 1238
28 4 1492 1230 314 1197
25 3 1353 1298 1002
27 4 1259 725 425 1459
25 1 665
30 1 829
31 2 1273 819
33 1 316
40 1 1196
32 5 1021 604 1145 986 540
23 2 1291 697
36 1 1088
34 5 666 1441 1345 1205 750
26 2 263 1369
26 5 1341 1411 807 1268 765
27 2 747 919
27 2 919 753
21 5 1079 957 881 666 997
29 2 1190 1067
25 5 261 132 776 488 1019
24 3 1144 924 708
32 1 756
16 3 323 990 1300
20 3 819 771 803
32 4 588 973 966 1130
29 3 784 740 1370
36 5 374 835 1055 772 1305
35 2 500 815
29 5 258 750 526 657 946
26 5 148 558 981 158 1173
27 3 800 11 334
29 3 1463 178 884
27 2 1384 1228
26 1 1117
32 5 558 585 597 273 307
31 1 922
25 1 529
27 1 928
24 3 941 2 997
35 3 1311 894 664
29 1 769
31 5 862 1140 480 1171 830
30 4 1327 1201 336 939
37 2 961 1243
30 2 1500 1002
33 5 557 1412 1475 443 466
31 4 836 403 802 589
23 2 885 1269
23 3 1034 361 1487
28 2 696 427
26 3 528 1214 678
24 1 797
32 5 937 493 801 1248 251
31 3 766 1087 135
36 5 741 586 806 1448 540
31 5 1098 1096 1447 1421 992
32 5 1159 1349 1266 798 1210
35 5 1258 290 976 713 884
29 3 463 1458 1429
26 3 125 1133 1360
36 1 1365
27 2 381 553
35 4 1443 684 940 987
24 3 422 1200 609
27 5 943 1070 1238 418 320
36 5 732 62 721 1135 1033
27 4 727 608 832 931
31 2 1237 1452
25 2 437 953
30 1 1425
29 3 1339 800 953
38 3 1210 841 712
26 1 943
29 4 1368 581 1439 913
30 4 931 765 1043 1181
32 2 659 964
23 1 761
28 3 1387 325 1486
19 3 1041 910 285
24 4 282 901 1074 545
31 5 472 1012 1255 1254 829
27 2 369 930
37 2 1247 1051
43 5 433 986 1075 1261 1478
30 3 925 1366 451
24 3 632 565 741
25 2 1064 256
31 2 1192 89
30 4 56 888 908 783
30 4 650 626 1267 120
33 3 805 336 1083
37 3 1123 581 1297
35 4 226 1112 885 398
34 3 1125 1178 584
34 5 365 1157 1197 349 1021
19 5 521 896 1233 1164 1342
22 5 1326 334 1098 319 218
29 5 158 1345 1471 436 899
35 1 1474
26 4 78 1192 974 1169
35 4 760 1222 1165 219
28 4 1028 1034 709 822
20 1 626
34 3 1094 857 1305
29 2 415 1049
25 5 350 1408 1416 1355 601
31 1 331
28 1 346
24 3 649 497 644
36 3 64 608 845
35 3 485 1018 821
30 3 1101 150 792
27 4 816 658 583 51
27 1 1231
31 1 1043
36 4 777 1091 669 171
31 3 1139 981 1159
25 1 223
37 1 510
36 3 853 1155 926
28 3 1251 1049 800
36 5 255 23 1418 1264 1313
30 4 1145 802 347 1188
25 5 358 174 716 1140 1208
30 3 897 441 1495
26 5 1463 749 392 441 1177
35 5 397 1234 926 900 1466
26 3 1440 188 877
27 3 223 1294 856
38 2 1293 1098
33 5 364 643 1186 398 1077
24 1 956
38 2 1313 1213
28 4 1063 626 1196 1364
28 1 1257
32 2 1414 1147
33 2 1137 975
27 4 412 739 640 767
27 4 983 439 829 813
30 5 785 1278 1053 1182 465
27 2 1253 837
32 3 679 1340 360
34 4 1410 1255 1324 360
37 4 295 856 1255 844
43 2 581 874
28 2 343 1377
26 4 1462 254 878 107
26 5 995 1264 596 873 1487
37 1 1217
34 1 544
24 4 969 617 1209 1270
27 2 1160 973
30 5 19 908 1007 1352 309
26 4 1295 1251 141 1492
37 4 1038 969 510 92
34 2 784 234
25 3 795 551 1483
21 5 270 982 1402 1287 1066
25 5 234 658 1188 1395 320
31 5 573 998 1004 1050 539
30 1 1346
19 5 385 794 207 1029 1021
33 4 1191 992 1238 534
30 1 1130
31 3 1334 1339 1371
30 4 183 611 295 915
27 5 383 1116 272 755 557
25 5 321 881 1188 1149 1395
37 1 1426
32 4 1130 1014 315 833
32 3 1081 596 650
32 3 1400 1230 570
24 1 1394
34 4 802 1397 396 967
39 2 1161 1483
42 2 1196 397
26 5 1464 1070 326 1030 440
27 4 1231 844 1460 1059
26 2 971 614
30 1 654
31 3 1457 141 1200
34 1 1480
34 2 327 1189
35 2 906 1359
23 4 1239 1180 158 150
32 4 1484 603 337 61
31 3 923 917 317
30 1 662
31 4 1001 1400 354 1464
30 3 1124 976 961
35 1 584
18 3 713 982 1116
31 3 1166 1162 71
34 3 937 736 888
26 4 1051 739 553 1028
36 2 376 1337
19 4 1331 1135 813 1188
20 4 581 229 1196 1158
25 3 975 1205 1034
41 4 1240 845 393 487
40 1 905
34 2 141 1359
26 1 1206
31 2 572 827
30 4 236 1167 1069 1100
30 2 1337 345
31 4 1241 1207 705 1361
27 1 500
31 2 1114 648
21 5 623 1274 12 1121 968
28 2 1127 735
25 5 604 617 580 719 1480
32 3 173 450 267
28 2 1393 929
27 2 1221 1342
33 2 190 1320
28 3 850 1004 514
39 4 619 493 302 1076
29 2 1075 1108
25 3 320 943 808
36 2 364 110
31 3 1384 504 856
33 5 175 1175 730 1054 1469
20 4 282 109 705 1083
39 5 1441 803 1124 1110 1274
25 2 434 1384
29 3 183 575 396
22 2 1380 570
28 5 909 1241 1015 1297 660
28 4 321 975 1151 1452
34 3 419 703 1143
25 5 1340 92 273 1472 1001
28 3 138 1159 1045
28 2 390 170
29 3 127 352 1058
33 4 747 257 278 1382
38 3 407 760 1303
29 2 1155 1120
33 1 92
29 1 689
25 2 705 971
35 4 648 1217 547 1354
37 1 615
24 2 1493 1362
31 4 1335 1042 912 686
36 1 781
24 3 1172 944 403
27 3 950 953 275
30 3 362 806 518
36 4 174 1385 543 1351
26 1 1139
27 5 810 209 155 846 875
33 3 1247 770 1166
21 5 469 1104 857 1175 1025
27 4 678 362 616 842
22 2 1429 1408
37 5 1108 1395 916 989 1321
39 3 1125 1001 27
26 2 318 788
30 2 1142 1061
23 3 1222 1223 1396
30 3 709 99 1438
22 2 1241 318
31 2 965 1429
36 3 1357 123 312
37 3 1444 702 1322
44 3 1477 379 1175
33 4 356 738 1435 38
30 5 800 814 1371 429 1382
31 3 1317 502 524
27 5 954 1184 1157 605 1159
24 1 575
27 5 1315 1200 974 873 1270
34 1 1094
32 3 775 683 7
25 5 692 1449 89 1028 1024
24 3 991 526 737
26 4 284 885 1402 1157
32 1 856
19 4 1361 1163 1108 741
27 1 153
28 5 719 1361 595 714 687
28 1 122
30 1 1438
30 1 1328
41 1 1009
29 4 879 612 1176 22
37 4 851 275 323 1051
30 5 676 488 770 260 66
38 1 513
35 2 1033 1007
20 3 1278 1229 906
27 1 1151
32 3 674 699 153
25 4 970 844 23 26
30 2 109 933
30 3 688 638 705
23 2 763 758
