5
250
1 3 2 4 5 3 5 5 3 1 5 5 5 4 5 4 1 4 5 5 2 3 5 5 3 4 3 1 2 4 5 5 2 1 1 4 5 3 4 2 2 1 5 1 3 3 3 1 1 1 1 1 5 3 5 2 4 4 3 4 1 3 3 2 5 1 3 5 1 4 5 2 4 1 1 4 4 4 4 3 1 5 2 3 1 5 3 3 1 4 4 3 2 2 5 3 1 3 5 1 5 3 1 5 4 3 3 3 4 2 1 2 2 2 1 4 3 2 3 1 4 4 2 2 3 2 3 1 4 5 3 1 3 4 2 1 3 2 5 4 4 2 3 4 2 3 3 1 2 4 4 2 4 5 3 2 3 1 5 2 4 1 2 1 4 5 4 2 5 4 1 5 3 2 2 4 4 5 5 2 2 5 5 5 3 4 1 4 5 3 4 5 4 4 5 2 1 5 5 1 1 3 1 1 4 4 1 3 4 4 5 2 1 3 2 2 2 5 2 4 3 4 2 4 4 3 2 2 4 2 3 1 2 3 2 4 5 3 3 3 4 1 2 1 3 3 5 3 2 1 
500
6 4 3 4 3 2 4 6 3 4 7 3 7 5 7 7 5 4 4 5 7 4 3 2 5 7 6 2 3 3 4 7 7 6 5 5 3 4 6 5 4 2 4 3 7 2 3 7 3 2 2 2 7 5 4 3 5 5 7 4 6 3 6 3 5 7 7 4 6 7 6 4 6 2 4 6 7 3 5 2 3 4 2 6 7 7 7 2 6 3 4 2 3 7 2 3 4 3 3 7 6 2 3 7 5 7 6 2 7 5 4 3 3 3 5 5 4 6 7 7 3 2 7 5 6 4 6 3 2 5 6 6 4 6 4 2 4 6 4 7 7 7 5 6 3 2 3 5 5 5 2 2 2 4 7 6 7 3 3 5 3 3 3 6 3 3 2 5 5 2 3 7 3 5 3 5 4 2 6 7 2 2 6 2 7 2 7 3 3 5 6 7 4 6 4 7 3 7 3 4 5 7 2 3 2 4 2 2 6 6 6 7 5 2 6 7 4 7 3 5 4 7 7 5 4 6 7 4 4 3 7 2 4 2 6 3 5 3 4 7 5 7 2 2 2 6 3 6 4 4 7 6 4 7 7 5 2 4 5 5 4 7 3 3 6 5 7 7 7 7 4 2 2 6 4 3 7 2 3 4 4 4 2 2 2 6 4 3 6 3 7 7 2 2 4 7 6 3 5 3 6 5 3 5 7 2 4 6 5 3 3 7 6 6 7 7 7 2 7 2 2 4 4 5 5 7 2 6 2 4 6 7 4 2 6 7 5 7 4 3 3 5 4 3 2 7 5 7 5 2 7 2 3 2 7 5 3 7 2 6 4 5 2 7 6 3 3 4 4 6 5 7 5 7 4 4 6 5 3 2 2 2 3 2 4 3 2 4 2 5 3 3 2 5 3 3 3 3 4 3 4 4 5 7 7 3 6 6 5 5 3 5 6 5 7 5 4 2 5 4 6 6 7 3 7 2 4 2 4 3 5 3 6 6 4 7 6 2 5 4 2 4 7 4 3 6 7 7 7 7 5 3 6 3 4 7 6 5 2 6 5 7 6 6 6 3 4 6 2 5 3 2 5 5 4 2 6 3 7 2 5 3 5 6 4 6 7 7 3 4 2 7 4 6 3 4 4 7 4 6 
750
8 4 3 4 9 9 7 3 6 6 5 4 7 5 6 9 5 9 3 3 4 9 4 7 8 6 8 7 5 5 6 6 8 5 6 7 3 9 6 6 8 9 4 8 5 7 7 7 8 6 9 7 6 3 9 7 8 3 5 3 9 9 9 9 6 6 5 7 6 4 5 8 8 7 4 3 9 5 9 9 7 9 4 8 5 4 7 5 7 8 9 5 6 5 7 8 5 6 8 3 5 7 3 9 8 6 5 8 7 8 9 4 6 9 4 8 6 8 3 6 6 7 5 4 8 3 6 7 5 6 3 7 5 6 7 6 8 4 6 9 8 8 3 4 4 3 6 6 7 5 4 3 4 6 3 8 4 7 5 3 3 8 9 5 7 9 8 9 8 7 3 9 3 4 4 6 4 8 7 4 3 7 5 9 4 4 3 6 6 8 3 6 9 4 9 7 6 3 8 7 7 9 5 4 4 7 9 4 3 7 6 8 5 9 9 3 6 4 9 9 8 3 8 7 6 6 4 9 8 7 7 4 4 4 8 4 4 7 4 6 3 3 9 8 5 6 5 6 9 4 3 7 5 7 9 4 9 3 5 9 8 3 6 9 4 8 4 4 4 9 3 8 5 6 9 8 8 4 3 5 3 6 7 6 5 8 8 7 7 5 3 7 9 9 4 7 9 9 6 8 3 7 4 8 6 4 3 8 4 9 4 5 4 7 5 5 9 8 3 8 7 5 5 8 5 3 4 8 5 4 6 4 6 6 6 4 5 6 6 4 3 8 5 3 3 9 3 8 4 8 5 5 9 9 9 8 7 7 5 9 5 3 6 5 4 9 3 9 3 5 8 3 8 7 3 5 9 9 6 5 6 7 8 4 9 6 9 5 6 5 5 8 8 8 7 6 7 4 4 7 6 6 9 3 9 4 5 6 4 8 7 6 4 8 4 3 9 7 9 7 5 5 7 3 6 7 7 6 7 4 9 9 5 6 7 3 5 5 9 6 7 6 5 5 7 4 4 6 9 7 4 9 8 5 6 5 6 7 3 7 4 9 5 9 5 7 8 3 4 8 9 8 9 6 9 6 7 6 7 8 7 4 5 5 8 9 3 7 4 4 6 9 8 9 8 6 5 4 9 8 9 9 7 6 6 3 7 4 5 9 6 7 8 4 5 8 9 3 3 5 6 4 3 7 7 6 5 4 9 7 3 5 9 3 5 9 8 8 4 9 8 3 3 9 6 3 9 8 3 5 3 6 3 9 8 3 9 9 9 6 4 3 9 4 6 8 8 6 9 5 4 5 7 3 8 8 7 5 4 4 5 4 5 8 6 3 9 3 6 4 7 9 6 7 4 5 9 6 7 5 4 3 6 6 6 5 3 9 3 9 5 8 9 8 7 5 8 3 9 5 6 9 9 7 6 9 6 9 4 3 6 3 8 5 8 6 5 8 6 6 4 6 3 6 5 9 4 9 5 5 5 4 4 6 5 8 3 5 9 6 7 5 8 9 8 9 8 7 5 9 9 6 4 4 7 7 6 4 5 4 8 9 9 7 4 5 5 4 5 5 8 7 3 4 6 6 9 5 3 6 4 7 5 3 9 9 9 8 3 6 8 6 5 6 6 5 7 6 9 3 4 9 3 3 7 5 3 5 9 8 8 8 4 9 9 4 6 5 6 5 7 9 9 7 4 3 3 6 4 9 
1000
10 8 9 10 6 9 7 9 8 7 10 8 10 4 7 8 10 6 8 10 9 6 9 8 10 9 8 9 10 8 4 10 6 10 8 5 6 8 4 10 7 4 5 9 10 4 6 5 10 6 4 5 9 8 8 10 6 9 9 4 5 5 10 6 9 4 7 8 8 4 6 9 10 5 7 8 4 9 9 10 4 7 7 10 9 8 9 5 9 9 8 10 9 9 10 4 6 6 5 4 5 8 5 7 5 9 4 4 10 7 8 4 9 4 7 10 6 10 10 6 4 10 5 10 10 8 6 5 10 4 10 10 5 5 9 9 5 5 8 5 6 6 6 6 7 4 7 4 6 8 10 9 4 5 4 9 9 8 10 6 10 7 5 6 9 4 7 6 7 6 4 8 4 4 10 6 6 6 9 8 4 10 5 6 4 5 5 9 10 4 5 6 6 10 6 8 5 10 7 7 4 9 8 10 6 7 7 7 7 8 9 9 9 4 10 8 4 9 10 5 10 9 8 4 8 7 9 6 6 10 6 5 4 6 8 5 5 7 8 5 9 9 8 6 8 8 8 8 8 5 4 8 8 7 5 10 6 10 5 6 8 6 7 9 9 7 10 9 4 10 10 6 5 9 7 6 4 6 7 4 7 10 9 4 10 9 7 9 6 7 4 8 10 9 4 7 7 6 6 5 7 10 6 7 9 5 5 4 4 5 10 8 5 4 8 10 5 10 6 5 10 6 5 9 5 9 10 10 9 8 8 5 4 7 9 7 5 8 7 4 7 8 6 9 7 4 10 6 4 7 4 8 9 6 6 6 9 9 9 8 7 4 8 5 9 5 4 6 8 6 7 4 4 8 5 5 10 4 7 6 8 8 5 7 9 10 6 7 4 6 7 6 6 8 10 6 6 7 7 8 9 10 10 4 9 8 5 7 5 9 9 9 10 6 9 6 4 6 10 5 6 10 6 10 6 5 4 7 5 6 10 9 8 9 5 9 7 4 6 10 9 7 7 5 10 7 7 7 7 7 7 6 6 5 10 5 4 9 7 8 6 10 8 9 5 9 10 10 7 4 10 5 5 9 8 5 6 10 6 5 7 9 9 6 9 9 7 5 5 6 5 10 8 5 4 10 7 7 8 4 4 10 9 5 6 10 10 8 8 7 5 10 8 10 10 8 7 4 8 6 10 9 10 10 5 7 6 8 8 6 7 9 4 7 4 8 9 7 5 8 6 6 5 8 6 7 6 8 10 7 5 7 6 6 6 7 5 10 10 8 6 5 9 7 10 10 8 8 9 4 8 9 7 4 5 6 7 4 4 9 10 9 6 7 7 9 10 10 7 9 7 4 5 7 9 10 7 10 6 8 4 5 6 9 4 10 9 9 4 8 5 4 5 8 5 8 6 8 5 5 10 4 6 4 8 6 6 6 8 9 9 5 4 8 5 8 4 10 10 7 4 8 4 9 6 4 7 6 5 7 7 6 10 8 10 7 4 5 8 4 8 5 9 4 7 10 9 9 9 4 9 6 9 4 6 6 10 6 5 9 10 4 4 5 10 5 8 4 4 10 6 7 10 6 6 9 9 9 4 8 10 6 7 4 6 10 4 8 10 5 4 8 6 5 4 10 5 6 8 4 6 6 7 9 9 8 8 8 8 9 8 5 4 4 9 8 10 7 7 8 6 7 7 8 9 5 9 5 10 8 10 10 10 7 5 4 4 10 6 8 4 4 4 7 9 6 6 5 7 4 9 10 6 10 5 5 5 5 9 8 7 6 7 5 6 10 9 4 4 7 10 7 4 9 8 4 6 5 5 4 7 7 5 9 6 10 7 7 6 9 7 7 5 8 6 6 7 10 6 5 6 7 6 4 4 5 10 8 6 10 7 6 8 8 5 7 9 10 8 8 5 10 4 10 5 7 5 5 4 5 6 8 7 4 5 5 4 4 9 5 8 10 7 10 6 7 5 10 7 6 6 4 5 5 9 9 8 5 10 9 5 9 10 10 4 9 9 7 10 4 4 9 5 5 10 8 7 10 5 9 4 4 5 8 9 10 9 10 5 5 4 6 4 8 8 6 4 7 6 9 5 6 10 7 9 6 5 9 5 5 9 7 9 5 7 7 5 8 5 6 7 5 4 8 9 10 6 4 8 4 6 9 4 8 4 8 4 6 10 10 8 6 10 7 6 7 5 9 5 7 9 9 4 8 8 8 4 9 5 5 10 6 10 9 5 10 4 9 10 10 5 10 9 6 6 10 6 8 6 7 
750
10 9 12 8 12 12 8 14 15 7 7 15 8 8 14 7 9 9 11 5 14 8 14 5 5 15 14 5 6 15 8 15 10 9 12 14 6 8 9 9 13 10 9 12 5 12 11 5 10 12 6 5 11 15 9 11 12 6 7 11 6 13 13 14 13 7 9 13 5 5 12 12 7 10 6 6 6 5 13 10 10 13 5 6 11 14 11 6 5 11 15 15 9 14 14 5 15 14 15 5 5 6 7 12 13 9 10 15 11 13 13 6 10 12 6 7 14 13 15 10 9 13 11 7 5 10 9 8 6 9 5 13 13 13 5 8 6 12 11 13 15 12 11 7 9 12 10 10 10 7 12 6 6 9 11 12 14 8 9 6 12 8 12 7 10 5 8 12 9 8 6 11 8 13 10 10 13 8 13 7 13 12 8 6 12 12 9 13 12 7 9 13 5 8 10 10 7 9 5 11 10 12 10 6 5 10 6 9 6 14 5 10 11 6 13 7 13 5 11 15 5 13 9 13 15 14 10 5 10 15 7 12 5 7 6 9 12 9 14 14 7 8 13 15 8 15 12 11 11 7 8 10 12 8 14 9 7 5 8 7 14 14 15 14 8 5 7 12 13 15 9 9 7 9 15 14 9 15 14 5 6 7 6 8 12 5 14 10 5 5 13 13 9 12 15 14 10 8 9 14 9 7 15 8 8 8 6 15 13 14 5 6 15 12 9 6 11 8 13 11 13 11 10 15 5 9 9 14 9 13 13 10 11 7 7 8 15 6 7 5 5 9 13 14 11 10 8 12 11 14 9 14 5 14 8 15 7 7 5 11 9 9 15 14 15 14 8 12 13 14 12 11 13 14 13 13 5 11 7 15 13 11 7 13 9 5 12 7 9 6 13 13 14 9 12 8 14 14 12 10 13 8 6 11 6 12 11 5 7 11 9 15 12 6 5 12 8 14 8 13 9 11 8 6 10 11 14 10 8 13 11 7 15 14 9 5 15 5 13 13 12 8 15 12 13 14 7 7 11 10 13 12 6 8 12 9 8 5 15 6 5 5 10 15 13 9 13 5 12 13 13 6 13 5 5 10 8 8 9 6 14 7 11 5 13 12 9 14 8 15 14 5 11 15 9 11 13 15 15 12 12 14 7 6 6 6 5 11 5 9 5 8 13 15 8 6 14 15 9 7 5 5 15 13 7 9 13 7 12 14 9 5 6 15 11 10 15 10 14 9 11 8 10 8 6 11 8 15 15 6 7 14 12 10 15 10 14 9 12 15 9 15 10 14 12 9 6 7 7 10 12 8 8 14 8 9 8 12 8 6 14 9 13 14 9 10 11 8 6 15 8 7 9 7 14 6 14 15 10 8 9 11 10 5 6 12 15 10 8 14 10 5 13 8 9 12 6 15 7 6 10 9 12 5 15 7 13 12 11 8 14 15 6 13 8 8 14 10 11 12 13 9 8 9 13 11 15 10 15 14 9 6 15 8 7 8 13 13 12 5 6 15 13 8 8 7 8 12 14 9 11 8 12 13 7 12 12 13 13 7 9 13 11 14 8 5 10 7 12 14 14 13 14 11 8 13 13 10 7 6 8 15 9 12 12 11 9 12 14 5 12 5 7 8 9 12 7 12 6 11 12 6 13 14 7 14 15 11 5 11 6 12 7 5 7 8 6 7 7 9 11 13 15 6 5 11 5 15 14 7 
4961
1 2860
1 918
1 2027
1 1569
1 493
1 2783
1 1687
2 1982
2 3190
2 499
2 531
2 2449
2 1612
2 346
3 3089
3 3193
3 1359
4 1820
4 2232
4 2029
4 1816
4 1771
4 1180
4 776
5 2951
5 1209
5 886
5 629
5 774
5 1494
6 867
7 2585
7 437
7 2233
8 2995
9 1197
9 2962
9 1926
10 1691
11 2340
11 563
11 1120
12 530
12 2340
12 3142
12 1295
12 2525
12 2833
12 1496
14 954
14 1641
14 2299
14 822
14 1348
14 952
14 647
15 2607
15 3247
15 2953
15 1587
15 1775
16 2389
16 1947
16 1342
18 1084
18 3074
18 2437
18 1720
18 3241
19 3101
19 2180
19 2253
19 2119
19 2921
19 1727
21 1799
21 1074
22 1960
22 1840
22 687
22 2209
23 664
23 1621
24 2239
25 2610
25 1460
26 569
26 2824
27 1340
27 1554
27 1195
27 438
27 1689
27 1171
27 2178
27 762
29 1107
29 3063
30 2614
30 988
30 1415
30 978
31 431
32 1142
32 2990
32 1574
32 1200
32 1431
32 2889
32 1224
32 2479
33 1296
33 3242
33 2431
34 2125
34 1074
34 2424
34 520
34 2185
34 1216
34 927
35 1964
35 541
36 765
36 1256
37 3032
37 2948
37 2609
37 1303
37 1615
37 516
37 2383
38 807
38 3201
38 3198
38 1696
38 718
38 305
38 1741
39 699
39 553
39 2775
39 1212
39 2127
39 319
41 3001
41 512
41 271
41 2165
41 1135
41 2459
41 475
42 641
42 1549
42 3201
42 2286
42 2088
43 2124
43 733
43 2599
44 1913
44 441
44 1281
44 798
44 1905
44 1707
45 1788
45 328
45 418
45 939
45 1870
45 509
45 2398
46 1874
46 2531
46 2210
46 2846
46 2594
46 1912
47 2779
47 1757
47 2092
47 853
47 2138
48 2308
48 892
49 1167
49 1080
49 668
50 3146
51 3064
52 2355
52 3183
52 364
52 3181
52 3173
52 3082
52 2365
53 857
53 3080
53 1397
53 2716
53 2107
54 3165
54 829
54 1379
54 2746
55 2702
55 2518
59 3020
59 377
59 1504
59 1355
59 696
59 293
59 577
60 406
60 1905
60 1332
60 2444
61 2326
61 2814
61 2526
61 453
61 1701
61 1170
61 310
61 2295
62 2719
62 2825
64 2571
65 441
65 2279
66 778
66 1325
67 1548
67 2114
67 2549
67 952
68 2584
68 2331
68 2994
68 2569
68 1347
68 1541
69 1218
69 2471
69 1995
69 2427
69 1095
70 585
70 485
70 2689
70 1102
71 2583
71 2537
71 822
71 2717
72 2873
73 3250
74 1452
74 2632
74 1335
74 474
74 2840
74 1728
74 1567
74 3070
75 1530
76 1752
76 2436
76 3190
76 1483
76 1830
76 2539
77 2550
77 2113
78 2514
78 1181
78 2596
79 572
79 1165
79 604
80 2057
80 629
80 303
80 2959
80 1259
81 2930
81 1366
81 1930
82 2598
82 642
83 2871
83 1234
83 988
83 473
83 1962
83 1031
84 2997
84 2660
84 2720
84 3015
84 2501
84 999
84 1520
85 1742
85 481
85 777
85 1731
85 1666
85 1724
86 1045
87 2869
87 2801
87 1488
87 2896
87 708
87 3065
87 2470
88 1179
89 1011
89 946
89 1451
89 566
89 2890
89 2368
90 2721
90 1875
90 1799
90 1851
90 437
90 2731
91 1248
91 2563
91 1236
91 644
91 3072
92 311
92 3244
92 1569
92 3206
93 2929
93 1972
93 752
93 2136
93 424
93 1016
93 1104
94 599
94 1237
94 834
94 1764
94 910
94 1965
94 1940
95 2745
95 2154
96 1974
96 471
96 3172
96 2809
96 2343
97 1945
97 2524
97 1588
97 922
97 2266
97 3210
98 2164
98 3036
98 2426
98 919
98 471
99 1884
99 2051
100 575
100 723
100 934
100 2229
100 705
100 2147
101 273
101 827
101 1204
101 2819
101 982
101 2307
101 1236
104 1884
105 350
105 737
105 2212
105 1273
105 2571
105 3186
105 417
105 1867
106 2376
106 3192
107 970
107 1994
107 379
107 3087
107 919
108 2675
108 527
108 384
109 406
110 2816
110 2366
110 2740
110 660
110 2049
111 2213
112 263
113 1789
113 949
113 2413
113 2215
113 538
113 3117
113 750
114 2477
114 989
114 295
114 3222
114 503
114 1607
116 1807
116 2052
118 2377
118 3072
119 644
119 3088
119 494
119 3224
119 3009
119 2191
119 1902
119 775
120 2925
120 749
120 626
120 1115
121 1804
121 2246
121 664
121 2594
121 1923
121 1553
121 2027
121 290
123 1838
123 3228
123 985
123 2052
123 922
123 619
124 1201
124 2791
124 3225
124 715
124 287
124 2261
125 585
126 1226
126 475
126 993
126 1906
127 472
127 1224
127 3158
127 3051
127 272
127 1567
127 1360
127 608
129 1689
129 2601
129 1269
129 1766
129 304
129 1143
130 1595
131 877
131 966
131 1529
131 3112
131 1510
131 2777
131 2750
131 265
134 317
134 2927
134 2036
134 2066
134 1773
134 2743
135 2634
135 3236
135 974
136 1596
136 2419
136 2461
136 2360
136 452
137 982
137 2445
137 582
137 1435
137 2024
137 2536
137 1458
138 1747
139 263
139 2619
139 3037
139 2355
140 755
140 1575
140 1844
140 1017
140 2829
140 2490
142 1461
142 334
142 2114
142 2217
142 2343
142 3203
142 2413
142 1106
143 545
144 643
144 1314
144 3006
144 1798
145 636
146 2705
146 2451
146 787
146 448
146 2900
146 2591
146 1180
147 2064
147 1621
147 2277
147 2093
147 2822
147 1051
147 2987
148 1394
148 814
149 3196
149 909
149 2872
149 1528
150 2094
150 1937
151 2488
151 793
151 923
151 1168
151 1997
151 1491
152 1961
152 1672
152 597
152 373
152 456
152 396
152 2191
152 654
154 1326
154 1384
154 2526
154 2614
154 1497
155 397
155 2461
155 2272
155 3206
155 1649
155 847
155 878
155 1088
156 2181
156 1201
156 1523
156 1820
156 1674
157 1037
157 1086
157 1910
158 270
158 440
158 3024
158 2977
158 1053
158 2237
159 2151
159 2644
159 1927
159 2704
159 1756
159 2670
160 377
160 1333
160 1341
160 1521
160 1778
160 389
160 1344
160 1830
161 1573
161 829
161 1090
161 1899
161 1437
161 963
161 2784
161 1713
162 2172
162 658
162 740
163 2681
163 2197
164 1936
164 2567
164 2100
164 2818
164 2302
165 3188
165 1439
166 821
166 2168
166 2120
166 1764
167 1222
168 2870
168 1850
168 2305
168 1344
168 316
168 853
168 3128
168 755
169 1047
169 399
169 1798
169 2889
169 2331
170 1375
170 2498
171 2790
172 1284
173 1074
173 494
173 1007
174 446
174 2192
174 3235
174 717
174 457
174 1565
174 2227
175 1393
175 1955
175 956
175 442
175 1407
175 826
176 2637
176 3088
176 1119
177 2490
177 2085
177 3121
177 2989
177 743
177 2110
178 1113
178 604
178 1667
179 1252
180 579
180 2820
180 2217
180 2042
180 2560
181 2653
181 2002
181 2114
181 642
181 511
181 2626
182 2607
182 3233
182 1768
182 1747
182 2663
184 3222
184 1418
184 1504
184 1028
185 2447
185 1755
185 2668
185 3077
185 2882
185 2156
186 3087
187 2454
187 2655
187 2699
187 2715
187 795
187 1709
187 1292
187 1055
188 1229
189 594
189 1153
190 1162
190 2358
190 3123
190 2623
190 3086
190 1676
190 1315
190 575
191 2708
191 1666
191 1932
191 634
191 511
193 858
193 2555
193 2715
193 2446
193 2026
193 2519
193 1478
194 3119
194 1344
194 696
194 2236
194 1878
194 2707
194 1631
194 667
195 2171
195 1395
195 1214
196 2653
196 3032
196 1145
197 1851
197 559
197 2380
197 1648
197 2494
197 2618
197 3029
197 844
198 488
199 1678
200 2933
200 2203
200 1619
200 2934
200 2822
200 2093
201 1681
201 2348
201 3107
202 2736
202 1727
202 1242
202 1255
202 2231
202 668
202 2578
202 998
203 1242
204 2577
204 2278
204 1233
204 1558
204 2597
205 2124
205 1504
205 3005
205 3028
205 729
205 3134
206 2680
206 1319
206 643
206 2065
206 678
206 1319
206 3128
207 1259
207 1062
208 2959
208 2944
208 1954
208 256
209 770
211 2164
212 1387
212 1600
212 1502
212 1591
212 1160
212 2259
212 2505
213 1146
213 570
213 1823
213 480
213 993
213 2955
213 2396
213 2672
214 2808
214 1307
214 2613
215 1122
216 1609
216 3184
216 2645
217 571
217 576
217 2061
217 296
217 1109
217 2975
218 541
218 1268
218 460
218 1472
218 1960
218 2655
218 1335
218 2249
219 3196
219 1676
219 2727
219 2653
219 528
220 2077
220 1617
220 2710
220 2567
220 2246
220 264
220 2001
220 2366
221 2664
221 2997
221 2123
221 3194
221 2383
222 2534
222 940
223 1091
224 1205
224 836
224 599
224 1089
224 2915
224 2503
224 3197
227 1230
227 329
227 3102
227 1522
227 965
229 1025
229 1714
229 845
229 826
229 2616
229 1935
229 2716
230 2744
230 2682
230 1543
230 646
230 513
230 1309
230 2353
230 3220
231 3018
231 2375
231 1158
231 1776
231 2587
232 3217
232 2153
232 2113
232 2623
232 2900
232 3166
232 1227
232 2174
233 2914
233 458
233 1909
233 266
233 1109
234 1515
234 3097
234 1451
234 2252
235 376
235 1574
236 1491
236 437
236 2479
236 650
236 802
237 3107
237 974
237 1784
237 2039
237 1772
237 2171
238 261
238 365
238 1153
239 1922
240 2834
240 2253
240 2248
240 2807
240 671
240 2399
240 3131
240 2256
241 1122
241 2347
241 489
241 441
242 3006
242 2487
242 653
242 1081
242 1237
242 1343
243 394
243 992
243 2765
243 442
243 1878
244 1695
244 2597
244 1691
244 2475
244 1771
246 1956
247 924
248 1789
248 3127
248 1188
248 315
248 1087
248 3172
248 2372
248 1414
249 2627
249 540
249 405
249 1511
249 1699
249 314
250 1716
250 1012
250 2927
250 2407
250 710
251 1420
251 3211
251 1277
251 860
251 910
252 3191
252 2619
253 2439
254 1749
254 3215
256 830
256 2157
256 887
256 2201
256 1907
256 1174
257 1476
258 931
258 1230
259 769
259 1638
259 2203
259 1173
260 2985
261 1881
261 1049
261 1605
261 1580
261 1260
261 2792
262 1512
262 2515
262 2288
262 1332
263 2166
263 1306
263 1297
263 967
265 1845
265 939
265 1515
265 996
266 897
266 1339
266 2313
266 2315
266 2417
267 1108
267 2894
267 1954
267 1534
267 822
267 2461
268 819
268 826
268 3076
270 2825
270 883
270 2554
270 2550
270 1742
271 3175
271 2793
271 1071
271 2887
271 1697
272 1028
272 1624
273 2390
273 830
273 1209
273 2074
273 1471
273 758
274 1716
274 2145
274 1575
274 1140
274 1410
274 3033
275 2896
275 3018
275 1829
275 1693
275 867
275 2521
276 2645
276 1482
276 1323
276 974
277 2025
277 2559
277 1197
278 3084
279 1711
279 1761
279 1265
280 1251
280 2884
280 2551
280 2343
281 2224
281 2927
282 2645
283 1561
283 1511
284 1438
284 2637
284 2355
284 940
285 1206
285 2746
285 2191
286 2639
288 3079
289 1802
289 2120
289 1727
290 1620
290 1535
290 2820
291 2796
291 2618
291 2330
291 994
291 1377
291 2443
292 1351
292 1834
292 1942
292 2753
292 2397
293 1057
293 1240
293 2341
293 804
295 2425
295 1001
295 3239
295 1450
296 1698
296 2021
296 2098
297 1829
297 2539
297 2308
297 2020
298 1472
298 1203
298 3096
298 1930
299 2330
299 1317
299 827
300 1887
300 2007
300 3062
301 1072
302 2114
302 882
302 2908
303 2089
304 2750
304 2799
304 1781
304 2816
305 1517
305 2120
306 2615
306 2778
306 1663
306 1768
306 2372
308 1383
308 2874
308 1213
308 1353
308 2675
310 1212
311 1724
311 872
311 2084
311 3131
313 1457
313 1175
313 1119
313 1270
314 2035
314 2680
314 2969
315 1545
315 1144
315 1275
315 891
316 814
316 2373
316 3241
316 1856
316 1599
316 2829
317 2798
317 2624
317 1404
318 2322
318 2326
319 2413
319 3238
319 3233
319 2985
319 2862
321 790
323 909
323 1654
323 2935
324 2329
325 1043
325 1947
325 2951
326 975
327 1624
327 1158
328 2737
328 1196
328 2207
328 1227
328 1637
330 2254
330 2026
330 2521
330 1230
331 3224
331 3089
331 2371
331 2557
331 1211
331 1745
332 1970
332 1771
332 2005
333 1471
333 1247
333 2193
333 1813
333 2658
333 1418
334 2696
334 1400
336 1856
338 2020
338 888
338 3122
338 2515
338 1998
338 2230
339 2760
341 2917
341 1400
341 2371
341 1394
343 3036
343 2172
343 2282
344 894
344 887
345 1710
345 2667
345 2943
345 2449
345 1953
346 2275
346 2948
346 1454
346 2643
346 2192
347 2154
347 2511
347 2171
348 2919
348 2655
349 852
349 1816
349 883
350 1411
350 1411
350 1654
351 2109
351 2338
352 1356
352 3129
353 2120
354 2211
354 3050
355 3008
355 1166
357 2339
357 2874
357 3086
357 1355
357 2087
357 2884
358 2501
358 905
358 1819
358 2396
358 2361
359 1206
359 1002
359 1923
359 1224
360 2882
360 1914
361 2086
361 1657
361 1086
361 2743
361 1926
362 2464
362 951
363 3189
363 2299
363 1161
363 1069
363 1347
365 2140
365 2674
365 2301
365 1105
367 3065
367 1196
367 2899
367 1737
367 2971
368 2921
368 1639
368 1988
368 1255
368 2559
369 2381
369 2244
369 1895
369 1294
369 3006
370 1891
370 1293
370 2088
372 3206
372 1537
372 1056
372 1444
373 1821
373 2769
373 799
373 2805
374 1028
374 1803
374 872
374 2294
374 812
375 1689
375 2837
377 2718
378 2582
378 3174
378 1828
378 2134
378 2721
379 1786
379 1211
379 2125
379 1978
381 2780
381 2301
381 1827
383 2888
384 3183
384 902
384 2869
384 939
385 2167
385 1211
386 2095
386 1716
386 1663
386 2402
387 1241
388 2854
389 3173
390 1890
390 2530
390 2255
390 2380
390 1979
392 1659
392 973
392 846
392 2585
393 3087
393 929
393 2554
393 1494
393 2515
394 1602
394 1168
394 3165
394 2145
394 3005
395 2096
395 1953
395 1404
395 2932
396 1136
396 2387
397 1071
397 1468
399 801
399 2288
399 2215
400 2793
401 2372
401 2989
401 1899
401 1174
403 2523
405 2900
405 2623
406 761
406 2809
406 1304
407 2761
407 1411
407 2133
407 2259
407 2858
408 2908
408 1817
408 3016
409 3197
409 2221
409 3050
409 3028
410 2483
410 2164
410 1758
410 890
410 988
411 1292
412 929
413 2744
413 3011
413 1665
415 3111
415 1221
415 966
415 2628
415 1429
415 1963
416 3027
416 990
416 2701
417 2346
417 2306
417 2998
418 1599
418 2141
419 868
419 1437
420 1928
421 1456
421 2180
422 1899
422 1987
423 1448
424 2250
424 876
425 1484
425 2758
425 1608
426 2623
426 1922
428 1305
428 1950
428 964
428 2607
428 1960
429 1388
429 2988
429 1666
430 1407
430 1731
431 1091
431 1165
431 2185
431 849
431 1514
431 810
433 1051
433 1003
434 2443
435 2031
435 1794
435 2240
435 1907
436 1462
436 1997
436 1302
437 2984
437 1111
437 1163
437 2285
437 1140
437 1740
438 1920
439 2337
440 1450
442 2160
442 2749
442 2384
442 2441
442 2352
442 977
443 1778
443 2083
443 1217
443 824
443 995
444 2636
444 1747
444 1192
444 1169
445 3050
445 2285
445 2360
447 1207
447 2930
447 2553
448 1035
448 1905
449 1446
449 2293
449 1322
449 3066
449 1110
449 1728
450 1593
450 1061
450 3127
450 3214
451 2853
451 1715
451 1490
451 1119
451 2383
451 994
452 2228
452 3171
453 1417
453 2295
453 3131
453 2223
453 2831
454 1699
454 860
454 1964
454 2990
454 1272
457 2417
457 3036
457 1601
457 1155
458 1360
458 2667
459 2604
459 2618
459 2375
459 966
460 903
460 1802
460 2519
460 2665
461 2403
461 1320
461 3082
461 3180
463 1845
465 1504
465 898
465 3149
466 1863
466 1075
466 1399
466 1525
467 1222
467 1158
467 2005
467 1726
468 1234
469 2869
469 2285
469 2726
470 1888
470 3098
470 1396
470 2598
470 2087
470 1311
471 2405
471 2767
471 1078
471 2466
471 2450
471 839
472 2716
473 2260
473 2414
474 2364
474 2074
474 1334
475 3013
475 3210
475 1587
475 1020
476 2529
477 2009
477 1097
477 1703
477 2220
477 1405
477 1421
479 2431
479 1183
479 1921
479 2161
479 3124
481 1883
481 2967
481 813
481 2902
481 2137
483 1599
483 2295
483 1329
483 1534
483 1852
483 1616
484 2970
484 2261
484 799
484 2494
484 1882
485 1725
486 2397
486 3227
486 1242
486 1727
486 1974
486 1642
487 2124
487 2221
487 2921
487 2338
488 2993
488 2469
488 2931
489 894
489 2211
489 2373
489 1706
489 1669
489 3010
490 846
490 2869
490 2425
490 1414
490 2466
491 2691
491 3063
491 1084
492 1973
492 2518
492 2159
493 1018
493 853
494 1757
494 852
494 1320
494 2685
495 1302
495 1970
495 2821
495 983
496 2936
497 1310
497 1467
497 956
497 2861
498 1158
498 1709
498 1177
498 1179
498 2045
498 1093
499 1050
499 901
499 3179
499 1871
501 2034
501 2613
502 3008
502 1841
503 995
503 1668
503 2605
504 1790
504 2765
504 2648
504 1517
504 1336
504 2240
505 1159
505 1219
505 2675
505 2762
506 1319
506 973
506 3195
507 851
507 959
507 1072
507 1673
507 884
507 889
508 902
508 2640
508 3028
508 2513
509 1434
509 2763
510 1417
510 1916
510 1567
510 1845
510 1408
510 1955
511 2832
511 1758
511 2794
511 1736
513 2554
513 1286
513 2393
513 976
513 1249
513 1407
514 1911
514 3234
514 1968
514 1474
514 1134
514 1751
515 2548
515 2103
517 1990
517 2927
517 1304
517 2748
517 2355
517 2284
518 1415
518 2399
518 1067
518 964
518 1414
518 1251
519 2857
520 1730
520 2020
520 2808
521 3219
521 1402
522 2797
523 2854
523 2677
523 1797
523 3187
523 2839
523 2709
524 757
524 2704
525 847
525 2142
525 1748
525 1015
525 1185
525 1389
528 2773
528 3228
528 2027
529 2932
529 2869
529 3231
529 2164
529 899
530 3249
531 1403
532 1302
532 3046
532 2072
532 2357
532 1806
532 1484
533 1062
534 2289
534 2271
534 2838
534 1687
534 2435
535 2134
535 1787
535 2894
535 1891
535 1425
536 2128
536 1939
536 1661
537 2015
537 2133
537 927
538 1355
538 1102
538 3130
538 3149
538 1892
538 1376
539 1703
540 2252
540 931
541 3236
541 832
541 3128
542 1784
542 1885
542 1504
543 1865
543 1612
543 2508
543 2806
543 1714
544 1121
544 1651
544 2773
544 2232
545 3211
545 2323
545 907
545 1380
545 1151
546 2176
546 1395
547 1539
547 2523
547 2328
547 1774
548 2323
549 1121
549 816
549 969
549 1505
549 1720
554 2667
554 1325
555 1685
555 1572
555 1211
556 2022
556 1903
558 1659
558 2306
558 3062
558 1143
558 2650
558 3134
559 1828
559 939
559 1034
560 1026
560 1972
560 2930
560 1643
560 1223
560 2419
561 2796
561 1448
562 2081
562 773
562 2281
562 2616
562 861
563 1991
563 2696
563 3228
563 854
566 2807
566 2406
566 2222
566 3129
569 1323
570 2900
570 3191
570 1250
570 2707
572 2845
572 892
572 2344
574 2012
574 1327
574 1400
574 1676
574 1031
576 2168
576 2494
576 1987
576 832
578 2105
578 2108
578 769
578 1666
578 1602
578 2274
579 1789
579 2376
580 2819
580 1944
580 1915
582 1355
582 1160
582 2324
582 1422
582 1284
582 2277
583 2887
583 3024
583 1809
583 1567
584 1355
585 1443
585 1492
585 2107
585 2812
586 1028
586 2986
586 1250
586 3241
586 1699
586 2839
587 2843
588 3152
588 2697
588 1794
590 1291
590 2617
590 1568
590 1375
591 921
591 1735
592 1120
592 2819
592 1141
592 3215
592 1261
592 3027
593 2001
593 2586
594 3100
594 1554
595 2483
597 2941
598 2661
598 3013
598 2094
598 2798
598 1182
598 1566
599 1847
599 2003
599 3230
599 2412
599 2657
599 2756
601 2854
601 2627
602 1178
602 1010
602 2849
603 2744
603 1893
603 2891
603 3106
603 1339
603 1579
604 1042
604 2378
605 1333
605 832
605 921
606 2861
606 897
606 2152
606 802
606 1857
606 2912
607 3087
607 1623
607 1747
607 936
608 791
608 2487
608 1714
608 2438
608 2390
608 2130
609 2616
609 2223
609 1266
610 2385
610 2582
610 2691
610 1112
610 855
611 1301
611 1599
611 1128
611 1158
611 1227
613 1980
613 1071
613 2073
613 2107
613 1034
614 2860
615 2033
615 1515
616 2130
616 1038
616 925
616 1201
618 2277
619 3106
619 1873
619 917
619 1860
620 1386
621 1188
621 2825
621 2875
621 1956
622 1037
622 1899
623 2934
623 2658
623 2595
623 2652
624 1817
624 897
624 970
624 1276
626 1074
626 2790
626 1986
627 1701
627 1565
627 1952
627 2621
628 1397
628 2372
629 2680
629 1655
631 1220
631 2321
631 1032
632 2884
632 2300
632 1527
634 2953
634 2514
635 1423
636 1075
637 2314
637 1338
638 1670
638 1288
638 980
639 2910
639 1294
640 934
640 1513
640 2770
641 2993
643 2225
643 1844
643 2460
643 1202
644 2742
644 2827
644 877
644 917
644 782
644 2355
645 2657
646 2852
646 3117
646 1317
647 2578
648 2800
649 3120
649 866
649 2189
649 2599
650 835
650 2100
650 2403
650 2586
651 1606
652 3239
652 2860
653 2215
653 831
653 2424
654 2341
654 3153
654 2853
655 1038
655 1352
655 1763
656 2326
656 2778
656 2041
657 1731
659 1579
659 1819
659 2931
659 2165
659 2519
659 1202
660 2352
660 2317
660 2865
660 2390
660 1605
660 1481
661 1075
661 2116
661 1060
664 1021
665 2600
666 2239
666 1833
667 1508
667 2965
667 819
668 1821
668 763
668 2742
668 1081
668 1636
668 1928
669 2723
669 2639
670 1678
670 3021
670 1575
670 889
670 2394
671 1657
671 1409
671 3034
671 2463
671 1086
672 1058
673 1435
674 2581
674 3198
674 862
674 1182
674 1005
674 3221
675 1100
675 1177
676 1210
676 1032
676 2508
676 1966
676 1485
678 2456
678 1488
678 1398
678 2106
678 2748
678 951
679 1552
680 828
680 2110
680 2388
681 1630
681 1362
682 2798
682 2457
682 2352
682 3142
682 2220
682 1614
683 2895
683 924
684 978
684 1647
684 1880
685 2702
686 1699
686 3221
687 2825
687 896
687 2210
687 1133
688 1198
689 957
689 1023
689 2172
689 1039
689 1328
690 2950
692 3089
692 1235
692 2830
692 1599
692 2292
692 3228
693 1483
693 1743
693 1921
693 977
693 1352
693 847
694 1002
694 2669
694 1218
694 1333
694 3077
699 786
699 3183
699 1087
700 3138
700 2098
700 2280
700 3174
701 944
701 1155
701 2637
701 1497
701 1431
701 2837
702 3007
702 1877
702 2508
703 1797
703 1314
703 1143
704 1462
705 2969
705 1275
706 2597
706 3147
706 2534
707 758
707 2201
707 1037
707 2123
707 938
707 1974
709 2085
709 1489
709 1313
709 1797
709 2627
709 2410
710 1464
710 1868
711 1175
711 3204
711 2541
711 1147
711 1490
712 2238
713 1188
713 2494
713 2626
713 3124
714 909
715 1583
715 1781
715 1126
715 1347
715 2727
715 3221
716 1536
716 2735
716 1606
717 2862
718 3025
718 913
718 2346
718 2225
718 1872
718 1189
720 1805
720 2372
720 923
720 1440
720 1823
721 3248
721 2222
721 1493
721 2173
721 2072
721 2667
723 2183
723 1957
724 2580
724 968
724 2266
725 2439
725 1859
726 908
726 1770
726 2131
726 1747
727 762
727 2176
727 1808
727 2941
728 2256
728 2799
728 1463
728 3138
729 1531
729 2704
729 1105
729 2648
729 2090
729 1879
730 1524
730 1662
730 1672
731 2652
731 1995
731 1925
731 3033
732 2276
732 2622
732 1691
732 2340
732 2509
733 2169
733 1467
733 1732
734 2703
734 2426
734 1510
734 1649
734 2010
736 922
737 1495
737 1028
737 878
738 856
738 1195
739 2699
739 1426
740 2530
740 1654
740 2722
740 1828
741 2181
741 2455
742 1287
742 1778
743 1751
743 987
743 2902
743 990
743 3171
744 3006
744 761
746 1106
747 1893
747 3056
747 2998
747 1689
748 1584
748 2103
748 2993
749 1450
749 1731
749 2885
750 1337
750 2787
751 3142
751 2848
752 2775
753 1609
755 2916
755 1742
755 2981
755 2884
756 2740
756 3021
757 2315
757 2698
757 1897
757 2710
759 2694
759 2371
759 2750
759 1550
760 1670
760 2075
760 2836
760 3083
761 2310
761 1957
762 2166
763 1707
763 2713
763 1982
763 2100
764 2810
764 2243
764 1598
766 2784
766 2159
766 2557
767 1822
767 2492
767 3116
768 2678
768 1639
768 1975
769 1631
769 1693
769 2412
769 2760
770 2791
770 2477
770 2556
771 2414
772 2303
774 1687
774 2740
774 2214
774 2142
775 2689
776 1600
777 3161
777 1915
778 1845
780 1521
780 1835
780 2876
781 2972
781 2825
782 1999
784 2552
784 1602
784 2677
785 1741
785 3122
786 1649
786 2447
786 2425
786 2641
787 1837
787 2543
787 2708
787 1958
789 2732
789 3097
790 2711
790 2474
790 1606
791 2609
794 2886
796 1689
796 2568
796 2182
797 1538
798 2919
798 3222
798 1553
799 3042
799 3008
799 2425
799 2864
800 2432
801 1975
801 2078
802 2635
802 1584
802 2062
802 2968
803 1760
805 2290
805 1538
807 1939
808 1810
808 2678
810 2244
810 2079
810 3127
811 2197
811 2756
813 1727
814 2467
814 2512
814 2361
814 2202
816 2639
816 2406
816 1959
816 1927
817 1674
817 2533
817 2281
817 1521
818 2202
819 2315
820 1948
820 2681
821 2219
821 2878
822 2506
822 2214
822 2539
823 2797
823 3017
824 2329
824 2913
824 2695
825 1823
826 1899
826 2377
826 1923
826 3068
827 2732
827 2272
827 1679
828 2289
828 2774
828 1781
828 1955
829 2059
829 2485
829 2149
830 2216
831 2943
832 1707
832 3230
832 2722
832 2599
833 2146
833 2242
833 2845
833 2115
834 1730
835 2596
835 2498
835 2174
837 1531
837 1534
838 2418
838 1969
839 1565
839 3130
839 2516
839 3149
840 2819
841 2607
841 3186
841 2586
844 1961
844 1845
844 1629
848 2323
848 2728
848 2670
849 1709
849 1795
849 1784
849 2067
850 2858
850 1973
850 2780
850 1969
851 1531
851 1790
851 2217
851 2037
852 1795
852 2026
852 2103
852 1673
853 1755
853 2270
854 1855
854 1938
854 3073
855 1855
855 1874
855 2527
855 2092
856 2350
856 3070
856 2381
856 1970
857 2664
857 2507
857 1599
857 2860
858 1614
859 3071
859 3240
861 2924
861 2406
862 2069
862 1952
862 2062
864 1544
864 2441
864 3238
864 1803
865 2975
865 2820
865 3019
865 1724
866 2503
866 1876
867 2141
867 2404
867 2563
868 2457
869 2047
869 2467
870 2712
871 2177
871 3069
872 3080
872 2120
873 1645
873 3157
873 2821
873 2841
874 3153
874 2924
874 1712
875 2569
875 2477
875 3150
876 2961
876 2553
876 3021
877 1519
877 2596
877 1934
877 1955
878 2182
878 1529
878 2944
880 2227
881 1957
881 2825
881 2882
882 2625
882 2207
882 2810
882 3142
884 2884
884 2679
884 2775
885 2208
885 2794
886 1974
886 2256
886 1977
886 2670
888 1779
889 1708
889 3099
889 2651
889 2655
890 3097
890 2701
890 3009
892 3221
893 1968
893 1504
893 1831
894 2850
894 2046
894 3040
894 3028
895 1507
895 1788
895 2797
895 2588
896 3134
896 1680
896 2457
896 2588
897 1563
897 2716
897 2891
897 2712
898 3165
898 2695
898 2338
899 2769
899 3077
900 1788
900 1936
900 1893
901 2435
902 2523
902 1739
903 1507
905 2984
905 3165
906 1672
906 2566
906 1723
906 3186
907 1746
907 2053
907 2803
907 2607
908 2177
911 3048
911 2249
911 1855
911 2037
915 3246
915 3037
915 3200
916 2238
916 1847
917 2936
917 2422
918 1509
918 2255
918 2529
919 2571
919 2852
919 2245
920 2954
920 2734
920 2863
921 3201
921 2250
922 1935
922 2064
922 2263
923 2867
923 1723
924 1875
924 2595
925 1583
925 2449
925 1798
926 1645
926 2216
926 2312
928 1870
928 2410
928 2751
928 2646
931 2165
931 1855
933 2870
933 1913
935 2120
936 2339
937 2007
937 2533
939 2758
940 2649
940 1891
941 2601
942 2286
942 1998
943 1504
943 2469
943 2629
944 3157
944 2235
944 2572
945 2945
945 2746
945 1844
945 1876
946 3053
946 2919
946 1833
946 2547
947 2144
947 2602
947 1899
948 1834
948 1705
948 2080
948 2751
949 3095
950 2926
950 1658
950 3188
950 2939
951 3096
953 2719
954 3007
955 1841
955 3108
955 2877
956 3098
956 2077
956 2734
957 2714
960 1822
960 2594
960 2725
961 2969
961 1709
961 1591
961 2879
962 1565
962 2106
962 2064
962 1895
963 2603
963 2907
963 1987
964 1687
966 2389
966 1726
966 2350
967 1989
967 2908
967 2358
967 2065
968 3195
968 1924
969 2694
969 2409
969 2604
970 2423
970 2444
970 1973
970 2135
971 2670
971 2027
971 2767
972 2978
972 2741
973 2883
973 2212
973 1904
974 2957
974 2057
974 1904
974 2801
975 2314
976 2435
977 2069
977 2196
977 2590
980 1640
980 3108
980 1689
980 2048
982 2594
982 2609
982 2486
983 2888
983 2653
983 2527
984 2240
984 1696
985 1803
985 2019
985 2332
986 2323
986 1670
987 2065
987 3083
988 3218
988 2475
988 3027
988 2602
989 1526
989 3169
989 2787
990 1540
992 1852
993 2214
994 2716
994 1772
994 2131
994 2721
995 2547
995 2013
995 2905
996 2500
996 2969
997 2518
997 2594
997 2594
1000 2094
1000 1991
1001 3151
1001 2552
1002 3043
1003 3127
1005 2229
1005 3045
1005 1866
1006 2268
1008 2168
1008 2520
1008 2624
1008 2933
1009 1614
1009 2460
1009 2632
1010 1700
1010 1636
1010 2889
1010 2985
1011 2150
1013 3088
1014 2208
1014 2240
1014 2756
1014 3089
1015 2383
1015 1590
1015 1859
1016 1748
1016 2675
1016 2602
1016 2380
1017 1590
1017 2253
1018 2132
1018 2807
1019 1751
1019 1708
1020 1910
1020 1817
1020 1988
1020 1657
1021 3233
1021 1832
1021 1916
1021 1827
1022 2169
1022 2347
1022 2299
1023 2541
1023 2761
1023 3101
1024 1925
1024 2794
1024 1516
1025 2434
1025 1703
1025 1985
1026 3231
1027 2230
1027 2671
1027 2892
1028 3122
1028 2155
1028 3042
1029 2730
1029 3035
1029 2221
1029 1681
1030 3233
1030 2500
1031 2582
1032 1814
1032 2624
1033 1578
1033 2736
1034 1828
1034 1905
1034 2094
1034 2291
1035 2858
1035 2531
1036 1872
1036 2187
1037 1907
1037 2019
1038 3157
1039 2011
1040 2733
1043 2584
1044 3133
1044 1932
1044 2476
1044 1586
1045 1662
1045 1814
1045 2519
1046 3137
1046 2991
1049 2090
1049 2262
1050 3103
1050 1940
1050 2447
1051 1619
1051 2341
1051 1673
1052 3183
1052 2689
1053 2929
1054 2539
1054 2882
1055 2720
1055 3133
1055 2788
1055 1781
1057 2039
1057 1651
1058 1976
1058 1816
1058 2760
1059 2018
1059 2483
1060 3072
1060 2267
1060 1547
1061 2443
1061 1554
1061 3057
1062 3083
1062 2203
1062 2154
1064 3131
1065 2152
1066 2706
1067 3011
1070 2173
1071 3217
1071 1834
1071 2643
1071 2030
1072 1720
1072 2030
1072 3039
1072 2377
1074 3127
1074 2219
1074 2067
1075 1844
1076 2170
1076 3029
1076 2714
1076 2874
1077 2533
1077 2300
1080 2215
1080 3185
1080 1615
1080 3099
1081 2747
1081 3219
1081 1581
1083 1962
1083 1981
1083 1512
1084 1989
1085 3115
1085 3208
1085 1529
1087 1891
1087 2805
1089 1716
1089 1597
1091 2312
1091 1783
1091 3208
1092 1691
1092 2251
1092 1688
1092 2172
1093 2368
1093 1859
1094 3110
1094 2053
1094 2662
1095 2612
1095 2318
1095 2128
1095 3247
1096 2085
1097 2637
1097 3028
1097 3093
1097 1894
1099 1870
1099 3035
1099 1879
1100 2143
1100 2411
1100 2377
1101 2557
1101 3070
1101 2930
1101 1808
1102 1712
1102 1889
1102 2257
1102 2453
1103 1943
1103 1623
1104 2010
1104 2074
1104 1744
1105 1674
1105 3181
1105 1849
1107 2201
1108 2018
1108 2464
1108 1805
1108 2760
1109 2779
1109 1899
1110 3220
1110 1782
1110 1749
1110 2585
1111 3241
1111 1653
1111 3213
1111 2531
1112 1941
1113 2166
1113 2164
1113 2077
1114 2968
1115 2330
1115 2218
1115 1640
1115 1542
1116 2245
1116 2699
1116 1795
1116 2583
1117 1591
1118 3128
1118 2375
1119 2289
1120 2267
1120 3016
1121 3141
1123 2988
1123 2740
1125 2280
1125 2662
1126 2483
1128 3245
1129 2261
1129 2128
1130 3176
1130 2685
1131 3132
1131 2104
1131 3176
1131 2972
1132 2903
1132 2926
1132 2090
1133 2515
1133 1843
1133 2529
1133 2849
1134 1781
1135 2304
1136 2285
1136 1917
1136 3135
1137 2315
1137 2311
1137 2423
1138 2086
1139 2647
1139 2580
1139 2412
1139 1887
1140 2437
1141 1964
1141 2853
1141 1683
1141 2420
1142 2795
1142 1631
1142 1897
1143 2580
1143 2076
1144 3087
1145 1995
1145 2168
1145 2338
1147 1951
1147 1581
1150 1923
1150 1737
1150 2147
1151 2082
1151 1877
1151 1875
1154 2096
1154 2905
1154 1930
1155 1713
1155 1800
1155 2610
1156 1764
1158 1752
1158 2532
1158 1672
1159 2024
1159 3165
1159 1778
1163 1794
1163 2577
1163 2497
1164 2183
1164 1841
1165 2419
1165 3230
1165 2422
1165 2733
1166 1557
1166 2213
1166 1598
1166 2736
1167 1894
1167 2285
1167 1571
1167 1843
1168 2071
1168 2834
1168 3175
1169 2580
1169 2523
1169 1802
1170 3068
1170 2488
1170 2768
1170 1841
1171 2583
1171 1877
1171 2057
1171 2615
1172 2493
1172 2247
1174 2211
1175 2858
1175 1665
1175 2074
1175 1521
1176 1868
1176 2021
1177 2904
1178 2759
1178 1982
1178 2884
1178 3073
1179 2430
1179 1872
1179 2489
1179 2798
1180 3101
1180 2632
1180 2697
1181 1988
1181 2030
1181 3152
1182 2911
1182 2262
1183 2209
1183 1837
1183 1512
1184 3203
1187 1563
1187 1793
1187 3054
1189 2282
1190 2370
1190 2180
1190 2096
1192 2042
1193 2455
1193 2954
1194 1677
1194 2893
1194 1665
1195 3147
1196 1973
1196 2092
1198 2698
1199 2275
1200 1989
1200 3186
1200 2042
1201 2176
1201 1811
1203 1935
1204 2436
1204 2727
1204 1934
1205 3142
1205 2279
1205 2805
1206 3183
1206 3243
1206 2880
1207 2941
1207 2130
1208 1605
1210 2572
1210 2369
1210 1798
1211 2274
1211 1534
1211 3170
1212 1512
1212 1927
1213 1886
1213 3175
1213 2115
1214 2239
1215 1513
1215 1744
1215 2415
1215 1898
1216 1814
1217 2363
1217 1603
1218 2823
1218 3123
1218 2865
1219 2057
1219 2123
1219 2841
1219 3078
1220 2002
1221 2182
1221 3226
1221 1668
1222 1505
1222 2726
1222 2139
1223 1921
1223 1604
1223 2541
1223 3045
1225 2997
1225 1990
1225 2310
1225 2007
1227 2732
1227 1654
1227 2176
1227 2571
1228 1597
1228 2345
1228 2588
1228 1696
1229 2475
1229 1942
1229 2625
1229 2537
1230 3119
1231 2509
1231 1850
1232 2123
1232 1993
1232 2981
1232 1811
1233 2004
1234 2316
1234 2432
1234 2476
1234 1527
1235 2561
1235 2429
1235 2467
1235 2811
1236 1773
1236 1643
1237 1674
1237 2005
1237 2257
1237 2147
1240 3076
1242 1926
1243 2630
1243 2886
1244 1730
1244 3028
1244 2102
1244 2651
1246 2080
1246 3226
1246 2139
1246 1738
1247 1523
1248 1782
1248 1942
1249 3223
1249 2618
1249 2182
1250 2061
1250 1684
1251 3106
1251 1896
1252 2698
1252 3051
1253 2785
1253 1768
1253 1966
1255 2359
1256 2383
1256 2786
1257 2460
1257 2380
1257 1845
1257 2621
1258 3214
1258 1568
1259 1918
1259 1771
1259 2735
1259 1790
1260 1604
1260 2785
1260 2282
1260 1539
1261 3233
1261 2085
1261 2683
1262 1772
1263 2354
1263 2559
1263 2275
1263 2322
1264 2448
1264 2989
1265 1702
1266 2101
1267 2502
1267 2423
1267 2608
1267 2099
1268 2219
1269 1751
1269 2377
1269 3242
1270 1986
1271 2386
1271 2573
1271 2178
1271 2358
1272 2959
1272 1904
1273 3010
1273 1610
1273 1752
1273 2799
1274 3244
1274 2137
1274 2583
1275 2866
1276 2733
1276 1703
1276 1672
1276 2423
1277 2267
1278 2108
1278 2626
1279 2315
1279 2379
1279 2567
1280 1743
1280 2567
1281 2415
1281 1952
1281 1501
1281 1690
1282 1996
1283 1676
1283 1638
1283 1781
1284 2395
1284 1754
1285 2276
1285 1844
1285 2300
1285 2733
1286 3014
1287 2049
1288 2351
1290 2517
1290 1800
1291 2416
1291 2269
1291 2982
1292 2643
1292 1807
1292 1548
1292 2410
1293 2589
1293 3230
1294 3062
1294 3176
1295 1927
1295 3074
1295 2873
1295 2367
1296 1517
1296 3027
1296 3240
1296 2026
1297 1978
1297 2683
1297 2691
1297 2245
1298 2734
1298 1894
1298 1542
1298 3226
1299 1779
1299 2128
1299 2715
1299 2269
1300 1877
1300 2931
1300 3148
1303 2319
1305 1850
1305 2647
1305 2536
1305 2039
1307 1522
1307 2420
1307 2565
1307 1831
1309 2285
1309 3249
1309 2231
1309 1801
1310 3216
1310 2067
1311 3086
1311 2120
1312 1739
1313 2162
1313 2234
1313 2610
1313 2282
1315 1517
1315 2457
1315 2089
1315 2558
1316 3006
1316 1955
1316 3204
1318 3049
1319 2427
1319 2914
1319 2922
1319 3107
1320 2263
1321 2424
1323 2330
1323 1563
1323 2902
1323 1613
1325 1519
1325 3247
1325 2800
1325 3083
1326 2121
1326 1643
1326 2916
1327 2178
1327 1636
1327 2638
1327 1503
1328 1904
1328 3117
1329 1967
1329 1756
1329 1721
1330 3159
1330 2289
1330 1742
1330 2551
1331 2021
1332 2993
1332 1533
1332 3181
1334 1691
1334 3151
1335 2646
1335 2158
1335 2840
1336 2594
1336 1877
1336 2315
1336 2071
1337 2391
1337 2505
1337 2828
1338 2352
1338 2415
1338 3220
1338 2941
1339 2414
1339 1941
1339 1637
1339 2195
1340 2075
1340 1740
1340 2372
1342 2724
1342 2303
1342 2603
1345 3199
1345 2414
1345 2896
1345 2952
1346 1981
1346 2624
1347 2542
1347 2639
1348 1786
1349 2232
1349 2216
1349 2771
1349 1511
1350 1955
1350 2773
1350 3065
1350 1800
1351 2067
1351 1936
1351 1576
1351 2346
1352 1748
1352 3171
1352 2008
1353 2874
1354 2931
1354 2024
1354 2597
1354 2047
1355 3053
1355 2214
1355 2056
1356 2993
1356 2578
1356 1819
1357 1697
1357 2887
1358 2534
1358 2592
1359 2428
1359 1605
1360 2026
1360 2460
1360 2445
1361 2571
1361 2687
1361 2849
1361 1727
1362 1602
1362 1648
1363 2529
1363 2895
1365 1816
1365 2171
1366 1936
1366 2853
1366 2006
1366 2052
1367 2826
1367 1776
1368 2195
1369 2039
1370 2383
1370 2494
1371 2159
1371 2741
1371 3019
1371 2646
1372 1768
1372 3134
1372 2813
1372 2967
1373 2191
1373 1636
1373 2915
1373 2722
1374 1673
1374 3133
1375 2694
1376 3138
1376 2811
1376 1993
1376 3076
1377 1879
1377 1914
1378 2186
1378 2573
1378 2452
1378 1715
1379 2258
1379 2432
1379 1629
1380 1701
1381 3132
1381 2558
1383 1576
1383 2612
1383 2943
1384 3066
1384 2047
1384 2641
1384 3226
1385 2061
1385 2603
1386 2088
1388 2955
1389 2348
1389 2504
1389 3039
1389 2381
1390 1706
1390 2633
1390 2970
1390 3062
1392 1959
1392 1848
1392 3229
1395 2497
1395 3092
1395 2953
1395 2820
1397 2078
1397 3221
1399 1779
1399 2841
1399 2072
1399 3227
1400 2713
1400 2059
1401 3079
1401 1607
1402 2067
1402 2682
1402 2492
1403 1550
1403 1845
1403 2463
1404 2223
1405 2553
1405 1856
1405 1559
1405 2540
1406 2042
1406 3219
1407 2445
1407 2118
1407 2646
1407 3198
1408 1779
1408 3045
1408 2585
1409 1817
1409 2389
1409 2391
1409 2078
1410 1662
1410 2015
1411 2031
1411 2087
1411 1852
1412 1725
1412 2113
1412 1900
1412 3148
1414 1594
1414 2642
1416 1794
1416 2124
1417 3068
1419 2018
1419 2668
1419 2661
1420 1959
1420 1739
1420 2539
1420 1788
1421 2952
1421 2378
1421 2391
1422 2804
1422 2928
1422 2995
1422 2283
1423 3237
1423 1740
1423 2378
1424 2733
1425 1933
1425 2524
1425 2777
1425 1808
1427 2622
1427 1911
1428 1516
1428 1875
1429 1612
1429 3193
1429 3037
1430 1971
1431 3237
1431 1653
1431 1559
1431 2994
1432 1684
1432 1623
1432 2643
1432 2268
1433 2758
1434 1889
1434 2450
1434 2305
1434 2323
1436 3024
1438 2242
1438 1982
1438 3242
1439 2567
1440 2217
1440 2271
1440 2271
1440 2571
1442 2612
1442 2193
1443 2185
1443 3224
1443 2568
1443 2980
1444 2384
1444 2339
1446 2603
1446 2689
1448 1620
1448 1807
1448 2337
1449 1551
1449 1615
1449 2085
1449 2899
1450 3027
1450 2036
1450 1652
1450 2235
1451 2458
1451 3242
1451 1715
1452 2037
1452 2691
1452 1743
1453 2109
1453 2113
1453 2960
1453 2096
1454 1767
1454 1941
1454 2530
1454 1662
1455 1641
1455 1926
1457 2814
1457 2078
1457 2071
1458 3044
1458 3242
1460 1750
1460 2827
1461 3041
1461 1796
1461 2921
1461 1765
1464 2545
1464 2712
1465 1646
1465 3009
1465 2566
1465 1549
1466 2570
1467 3200
1467 2545
1467 2699
1467 2683
1468 2384
1470 2383
1470 2585
1471 3200
1472 2942
1472 2717
1472 2286
1473 1641
1473 2236
1474 2355
1475 1804
1477 2263
1478 1539
1479 2525
1479 2168
1480 2177
1480 1767
1481 2481
1481 2887
1482 2643
1483 1791
1483 1650
1483 2840
1484 2271
1485 1621
1485 1683
1485 1933
1486 1534
1486 2431
1486 2884
1488 2879
1489 2109
1489 3246
1489 1562
1490 2709
1490 2843
1490 2448
1491 2555
1491 1701
1491 1522
1491 1601
1492 3099
1492 1925
1493 2691
1493 2173
1493 1515
1494 2191
1494 2571
1497 2785
1498 2996
1498 1511
1498 1906
1498 2972
1499 2759
1502 2892
1502 2607
1504 3061
1506 3149
1506 2828
1507 2779
1507 3173
1508 2584
1508 2813
1510 3114
1515 2517
1516 2885
1517 2566
1517 2905
1520 3141
1520 3241
1521 3211
1522 2691
1526 3195
1526 3223
1528 3044
1531 3214
1532 2759
1533 2548
1533 3027
1535 3158
1535 3157
1536 2631
1536 2789
1537 2796
1537 2862
1538 2575
1538 2722
1542 2711
1543 2976
1544 2829
1545 3123
1545 3231
1548 2888
1549 2817
1551 2713
1551 2574
1552 2861
1552 2616
1553 2724
1554 2856
1554 3178
1555 2904
1556 3236
1557 3029
1558 2914
1558 2656
1560 3102
1561 2793
1562 2693
1565 3121
1565 2941
1566 2552
1568 2813
1568 3145
1569 2514
1569 2837
1570 3092
1571 2802
1571 3013
1574 3067
1576 2666
1577 2558
1577 2961
1578 2779
1579 2688
1579 3006
1580 2891
1580 2953
1581 3185
1581 3179
1583 2772
1585 2775
1586 2593
1586 2547
1587 2971
1587 3063
1589 3025
1589 2657
1590 2616
1591 2939
1591 3232
1592 2789
1592 2618
1594 2936
1594 2929
1595 2780
1595 3032
1596 2699
1597 3042
1598 3243
1598 2717
1599 3241
1599 2565
1600 3108
1601 2837
1601 2571
1602 2761
1604 2889
1604 2613
1605 2956
1605 3023
1606 2878
1606 2913
1607 3152
1607 2975
1609 2878
1610 2519
1610 2828
1611 2678
1614 2549
1619 2797
1620 2695
1621 2861
1621 2585
1622 2502
1623 2828
1623 2687
1624 3228
1624 3006
1625 3234
1625 3042
1626 2772
1627 3067
1627 2583
1628 2769
1628 2865
1629 3046
1629 2728
1630 3224
1631 2893
1631 2971
1634 2572
1634 2689
1635 3104
1635 3165
1636 2892
1636 2754
1637 3073
1640 2865
1640 2716
1641 3238
1641 3079
1645 2737
1645 3145
1648 3236
1649 3241
1650 2794
1650 2737
1653 2908
1654 3064
1655 2801
1656 2806
1656 3092
1657 2949
1657 2815
1658 2633
1661 2577
1661 2509
1663 3128
1663 2714
1665 3111
1665 2592
1666 2560
1666 2956
1668 3042
1669 2824
1669 2700
1670 2538
1670 2940
1673 2719
1673 2692
1674 2606
1674 2856
1676 3016
1677 2847
1677 2645
1678 2898
1678 2582
1680 2601
1680 2756
1681 3106
1682 2640
1682 2722
1683 2694
1685 2830
1685 2565
1687 2886
1687 2843
1688 2601
1689 2533
1689 3200
1690 2702
1690 2861
1695 2924
1695 2786
1696 2581
1698 2828
1700 3168
1700 2617
1701 2652
1705 2709
1705 2937
1706 2854
1706 3120
1707 3061
1707 2994
1708 3204
1709 2618
1714 2949
1715 2559
1716 3024
1716 2545
1718 3179
1718 3094
1723 2907
1723 2833
1724 3159
1726 2698
1727 2872
1727 2626
1728 2506
1729 2501
1730 2783
1732 2878
1734 3055
1734 3033
1735 2638
1735 2757
1736 2832
1736 3192
1737 2601
1738 3040
1739 3180
1739 2797
1740 2783
1740 2533
1741 2918
1741 3076
1747 2754
1749 3093
1751 2533
1751 3071
1753 2977
1753 2608
1754 2800
1755 2836
1755 2597
1759 2747
1759 2745
1760 2604
1760 3201
1761 2875
1761 2808
1762 2642
1763 2560
1763 2995
1765 2515
1766 3209
1767 2953
1770 2510
1772 2817
1774 2767
1774 2999
1775 2521
1775 2516
1776 3056
1777 2998
1778 2626
1778 3130
1779 2829
1783 2716
1783 3026
1784 3035
1788 2681
1790 2903
1790 2715
1791 3001
1791 3144
1792 2847
1794 2796
1797 3233
1802 2987
1803 2964
1803 2961
1804 2947
1804 2938
1808 3036
1810 2641
1811 2608
1812 2619
1812 2832
1814 2808
1815 2965
1815 2527
1816 2743
1816 2929
1817 2733
1818 3086
1818 2537
1819 3173
1820 2649
1820 2942
1823 3181
1824 2772
1824 2804
1828 2871
1829 3093
1830 2966
1830 2545
1831 3199
1831 2681
1832 2892
1832 2515
1833 3054
1834 3167
1834 3092
1836 2642
1836 2860
1837 2970
1837 2588
1839 2602
1839 2697
1842 2568
1842 2898
1843 2513
1843 3188
1845 2536
1849 2971
1849 3192
1851 3126
1851 2509
1852 2672
1852 3000
1854 2897
1854 3008
1855 2971
1855 2588
1856 3041
1856 2683
1857 2732
1857 2859
1858 3192
1858 2954
1859 3067
1860 3101
1861 2530
1861 3084
1862 3084
1862 2919
1863 2565
1864 3246
1864 2537
1865 2578
1865 2772
1866 2910
1867 2637
1868 2940
1869 3248
1870 3155
1871 2907
1872 2987
1872 2562
1873 2716
1874 2748
1875 2637
1876 2760
1877 2821
1877 2545
1878 2733
1882 2918
1883 2819
1884 3056
1884 3048
1885 2813
1887 2910
1887 3069
1891 2980
1892 2878
1893 2741
1893 2810
1895 3023
1895 3247
1896 2632
1899 2892
1900 3245
1900 2671
1904 2549
1905 2739
1905 3183
1906 3104
1907 3097
1909 2877
1910 2667
1911 3066
1911 3001
1912 3206
1913 2699
1915 2513
1915 3068
1920 2806
1920 3078
1922 2793
1922 3099
1924 2874
1924 2509
1926 3219
1927 3034
1929 2723
1929 2835
1930 3031
1930 2677
1931 2834
1931 2954
1932 2935
1934 2818
1934 2875
1935 2850
1935 2903
1936 2949
1936 2989
1937 3000
1939 2852
1939 2577
1940 3114
1941 2749
1941 2717
1942 3195
1942 2827
1945 3154
1945 2969
1946 2518
1946 3027
1947 3230
1947 2695
1948 3165
1950 3053
1951 3209
1951 2795
1952 2989
1953 2721
1953 3086
1954 2667
1955 2757
1955 2505
1956 2755
1956 2952
1958 2936
1958 2713
1959 2916
1959 2947
1960 2919
1960 3052
1964 2658
1964 2561
1966 2723
1968 2551
1968 2836
1969 2564
1969 2870
1971 2810
1973 2589
1973 2914
1974 3047
1974 3222
1976 2694
1976 2820
1977 2999
1977 3138
1978 3020
1979 2635
1980 2964
1980 3180
1981 2537
1982 2823
1982 2690
1987 3040
1988 2690
1989 2606
1989 3181
1990 2556
1990 3132
1992 2904
1993 3144
1995 2843
1995 2820
1996 2820
1997 2889
1997 2840
1998 2995
1999 2570
2000 2821
2000 2829
2001 2787
2002 2647
2003 3216
2005 2721
2006 2985
2006 2848
2007 3232
2008 3144
2009 3124
2009 2918
2011 2620
2014 3213
2014 3029
2015 2517
2015 2886
2017 2654
2020 2604
2021 3008
2024 2641
2025 3235
2026 2918
2026 2528
2027 3202
2027 2905
2028 2724
2029 2527
2029 2979
2030 2835
2030 2811
2031 2848
2031 2955
2032 2845
2033 2583
2035 2963
2036 2892
2037 2567
2043 2712
2043 2695
2045 3200
2045 2811
2048 2911
2049 3249
2049 2571
2050 2612
2050 2839
2051 2818
2051 2877
2052 3017
2052 2801
2053 2643
2054 2651
2055 2544
2056 2744
2056 3115
2057 2964
2057 2885
2060 2838
2061 2976
2061 2680
2062 2595
2064 3027
2065 2965
2065 2888
2066 2682
2069 2652
2070 2588
2071 2758
2072 2817
2073 2710
2073 3049
2074 2566
2074 2966
2075 2676
2076 2596
2076 2909
2079 2576
2079 3102
2080 2944
2080 3162
2081 2751
2082 2811
2083 3126
2085 2573
2085 3076
2086 3097
2086 2982
2088 2685
2089 2927
2090 2522
2090 2754
2095 2823
2096 2540
2096 3150
2097 2756
2098 3170
2098 2931
2099 2951
2099 3215
2101 2770
2102 2815
2105 3000
2105 2814
2106 3060
2106 3071
2107 2727
2108 3170
2108 3154
2113 3228
2113 2763
2114 3214
2115 3034
2116 2866
2116 2559
2120 2937
2121 2574
2123 2800
2124 2913
2124 2504
2127 2715
2128 2934
2129 2592
2129 3044
2130 2573
2131 3240
2131 2999
2135 2913
2135 2914
2138 3022
2138 2835
2141 2792
2142 3111
2143 3184
2143 2848
2144 3030
2144 2846
2145 2746
2146 2803
2148 2622
2148 3108
2149 2745
2151 2607
2151 3018
2152 3092
2152 3122
2154 3135
2154 2519
2155 2637
2156 2790
2159 2795
2159 3019
2160 2825
2160 3081
2161 2871
2162 2894
2163 3210
2163 3042
2165 2982
2169 2999
2170 2624
2172 3159
2172 3239
2175 3041
2176 2993
2176 3165
2177 3218
2177 2887
2178 2808
2180 3163
2180 3053
2182 2658
2182 2754
2184 2802
2185 2894
2185 3156
2192 2968
2193 2507
2194 3043
2194 3216
2196 2733
2197 3150
2198 2540
2199 2844
2200 3208
2200 2635
2201 2824
2201 2933
2202 2984
2202 2784
2203 2684
2203 2617
2204 2945
2204 2877
2205 2569
2206 3085
2207 3092
2208 3174
2210 3031
2211 2876
2212 2868
2212 2928
2214 2824
2216 2818
2216 2978
2218 2531
2219 2765
2220 3168
2223 2544
2223 2983
2224 3040
2224 2956
2226 3233
2226 2619
2227 2832
2230 3056
2232 2596
2232 3122
2233 2841
2233 2839
2235 2956
2235 2822
2236 2799
2237 2960
2238 2554
2240 3238
2241 2784
2243 3164
2243 3107
2244 2730
2245 2932
2245 2885
2246 3245
2246 2851
2247 3006
2247 3240
2248 2560
2248 2526
2249 2965
2249 2810
2250 2999
2250 2999
2252 2687
2254 2880
2255 2563
2256 2505
2256 2567
2258 2781
2258 2508
2259 3232
2259 2759
2263 3104
2263 3228
2264 2645
2264 3011
2266 3131
2268 3208
2268 3069
2270 2992
2271 3221
2271 2785
2273 3250
2273 2993
2274 2937
2274 2922
2275 2907
2276 3138
2277 2909
2278 2915
2279 3121
2279 3066
2280 2819
2280 2766
2281 2746
2282 3077
2283 3166
2287 2776
2289 2561
2289 2509
2290 3200
2290 2925
2291 2838
2291 2556
2292 2707
2294 2582
2295 2705
2295 2637
2296 3227
2296 3177
2298 2614
2298 2622
2299 3161
2299 2717
2300 2659
2301 2886
2302 3046
2303 2831
2305 2503
2306 3013
2306 2516
2307 3061
2308 3212
2308 2638
2309 2636
2309 2670
2310 2848
2310 3186
2312 3194
2313 2795
2315 2813
2315 2864
2316 2811
2317 2832
2318 2943
2319 2589
2320 3060
2325 3217
2325 3077
2326 3117
2327 3244
2327 2820
2328 2894
2328 3113
2329 2549
2329 3071
2330 2950
2333 2759
2334 3170
2334 2795
2335 3077
2335 2855
2336 2902
2338 2983
2339 2980
2339 2963
2341 2948
2341 2738
2343 3187
2344 2625
2345 2794
2346 2952
2346 2795
2348 2810
2348 2515
2349 3179
2349 2522
2350 2885
2351 2769
2351 2835
2352 3178
2352 3123
2354 2752
2354 3062
2356 3136
2356 2566
2357 2813
2357 2580
2359 3188
2360 2894
2360 2574
2363 3178
2363 2985
2364 2691
2366 2795
2366 2985
2367 2717
2368 2737
2369 3149
2369 3038
2371 3013
2373 2535
2374 2542
2374 2819
2375 2502
2375 2720
2377 2936
2378 2637
2378 2889
2381 2977
2381 3056
2382 3182
2382 2603
2384 2918
2384 2874
2385 3112
2386 3053
2388 2669
2388 2511
2389 2597
2390 2692
2390 2604
2391 2993
2392 2693
2392 3055
2393 3066
2393 2690
2394 3077
2394 3088
2395 3204
2395 2739
2401 3115
2401 2642
2402 2711
2405 2778
2406 2899
2408 2689
2408 2599
2411 2577
2412 2616
2412 3216
2413 2879
2413 2658
2414 2694
2414 2586
2415 3238
2417 3102
2421 2800
2421 2589
2422 3139
2422 2772
2423 2555
2426 3077
2427 2954
2430 2903
2430 2873
2431 3126
2431 2924
2432 2793
2432 2651
2433 2542
2433 2686
2434 2706
2434 2701
2436 2914
2436 2517
2437 2733
2437 2573
2438 2666
2438 3004
2440 2792
2440 3204
2443 2872
2444 3001
2444 3248
2446 2867
2446 2605
2447 3041
2448 2874
2449 2963
2450 2633
2451 2670
2452 3106
2452 3101
2453 2977
2454 3049
2455 2907
2456 3095
2457 2582
2458 2793
2460 2647
2462 3128
2464 2629
2464 2858
2465 2878
2466 3021
2467 2952
2468 3119
2468 2560
2469 2894
2469 2726
2471 3201
2471 3226
2474 2698
2474 2531
2477 2883
2477 3187
2479 2881
2480 2788
2480 3243
2483 2912
2484 2745
2490 2710
2490 3089
2491 2814
2491 3123
2492 3062
2493 3098
2493 2780
2494 2670
2494 2954
2495 3013
2496 2808
2497 2803
2497 2685
2498 3212
2498 3192
2499 3184
2500 2597
750
17 1 2195
34 5 1638 1080 2250 2927 2148
32 5 1032 2051 815 2563 1745
31 5 3116 2968 291 2009 2645
38 5 1397 2749 2985 1930 2767
33 2 565 2979
33 2 605 1378
24 5 3059 2925 2236 3001 2669
32 5 1836 2594 2459 1433 956
31 3 2993 1419 922
40 4 533 1048 2896 432
25 2 2078 140
22 3 2095 1538 2503
27 4 2955 1626 3160 2593
26 4 3028 2687 3072 2921
31 3 2822 2794 2236
25 2 3006 3141
27 2 2837 680
30 4 2337 2637 604 1088
33 4 2312 2081 2979 92
27 1 448
34 5 2532 1866 1936 1018 2075
19 4 449 2708 817 1898
27 3 2043 2946 2373
32 1 1697
38 5 2793 706 2628 1643 1993
33 1 3050
20 4 2973 3018 2313 2593
35 4 1686 2806 1708 764
23 3 1861 970 1464
36 4 1047 88 1560 1953
33 3 2005 1990 3186
26 4 622 812 2867 1650
36 1 1952
27 4 2028 2878 2469 1421
36 5 3220 1836 2156 2198 2441
19 5 2574 2519 1288 942 2729
40 4 2642 1061 2332 494
21 4 816 2101 1210 1658
17 2 3006 2309
27 1 2425
23 1 2311
28 2 140 2703
25 5 3154 105 300 1590 3141
28 5 2360 2629 2426 2176 2998
29 5 910 2800 2521 1704 3024
28 2 2729 2590
28 2 2831 2513
25 2 2223 2311
33 3 1636 1967 3185
35 3 1686 3043 606
32 4 2835 1887 2251 2952
36 3 3230 3209 1419
27 3 1162 2819 144
27 1 1665
27 4 2362 1682 2166 1710
26 1 1835
23 5 3051 837 2326 2232 2850
36 2 693 3235
22 1 2607
35 5 21 693 2337 2628 1067
21 5 662 2102 2611 2795 3094
30 3 3024 687 2693
24 1 911
34 5 953 2739 1111 1622 599
33 4 1238 1047 1960 1583
31 4 2812 2176 2629 1824
29 2 2340 2646
26 1 1182
29 4 2597 1971 2970 461
32 1 2252
23 4 789 637 2670 3213
27 4 2873 1501 2245 945
28 4 2425 1936 2099 2833
31 5 2412 2568 1512 1393 2511
22 5 2360 1999 2670 463 1195
31 2 2144 491
23 3 2627 2156 3129
19 3 3202 2651 2726
24 1 3044
37 4 2382 170 3055 2872
34 2 3203 484
29 1 1401
38 5 3212 1204 2866 2316 1496
25 2 2129 2709
38 5 112 327 902 2172 3132
35 5 1871 2738 1530 774 2945
27 1 2578
34 2 758 3084
28 5 1647 2800 2723 2239 1068
36 1 783
30 3 2788 443 1354
21 3 739 2522 2562
31 2 1896 2852
38 1 3106
25 2 2043 1770
31 4 844 1791 420 783
28 4 993 1926 1791 1888
23 1 1075
24 5 2150 297 1364 1224 1099
34 3 2830 3032 991
34 4 329 1341 1806 3035
31 3 2302 2939 2224
32 4 339 1382 2783 1763
28 3 870 38 2163
33 3 650 2805 363
35 2 862 1932
25 5 2290 1005 2844 2577 1496
33 5 258 619 2334 2561 1990
35 2 1375 1728
27 2 446 2054
27 1 2254
29 3 1982 97 262
32 2 2069 3082
23 2 638 1596
34 4 821 1276 1200 1687
25 4 3018 1794 506 2626
39 4 2197 1187 3116 469
25 4 1867 2588 1934 1822
35 1 2873
24 4 2529 1716 597 2627
25 2 2689 1838
31 2 1796 2445
26 1 2795
33 3 2628 2253 835
24 5 2517 2791 2800 2515 647
22 3 2772 1682 1384
29 2 1063 543
32 1 976
30 4 341 2932 157 515
34 5 2969 2066 964 2774 2594
35 1 2815
33 4 2426 1948 2701 2274
33 2 2708 988
24 1 982
25 1 957
30 1 2728
34 5 448 1606 1803 2956 966
32 4 1808 1417 725 1679
39 2 2865 3020
27 3 2735 2369 317
25 4 3230 1385 1440 2056
37 4 860 2801 2407 321
35 1 1499
26 2 289 3219
19 4 2677 2797 3029 1444
30 1 2778
25 5 2533 2271 2679 2222 1200
28 4 2010 1122 1600 3083
19 2 1596 2608
17 3 2164 1735 2954
34 1 1838
32 5 2597 1162 1845 3049 1468
40 4 1203 2121 525 2557
38 5 2402 2687 1067 1243 464
43 5 1218 2735 2435 3052 2438
31 5 2004 2470 2023 2703 49
37 5 1181 2859 2589 3167 2588
21 4 1911 2867 2756 179
37 3 1901 1957 2295
31 2 2381 2604
33 3 1837 1994 2829
26 5 1726 800 3044 2287 1962
25 2 2782 2595
27 5 2304 2454 2196 1372 2766
36 1 1008
35 3 1343 2077 1854
35 3 1982 2080 2648
35 5 2250 2852 891 3053 1112
31 4 2440 2986 3048 2647
25 1 1724
21 4 429 1936 2464 2685
37 1 1781
32 2 2704 2590
28 1 3202
32 5 1187 2315 2560 3009 2912
22 4 2065 1497 336 921
28 2 2802 1909
25 5 1215 1515 1893 2371 945
38 4 2459 897 2568 3160
26 3 1610 1573 2123
31 1 2641
34 4 2470 2476 2525 682
17 4 2913 1602 1514 902
23 2 2538 2697
23 1 2027
37 1 2878
24 1 1671
40 3 2731 2806 2735
27 2 2729 512
23 2 2538 1935
30 2 1008 419
32 4 390 1404 1422 828
26 2 3055 1205
31 3 2879 2856 992
27 1 2657
30 2 1672 777
23 2 738 1600
36 3 3078 2035 2983
30 4 2904 2726 1646 1774
28 4 1728 1915 2662 1293
22 5 2000 2613 2147 2216 3073
25 1 2220
26 1 2195
29 4 1380 894 1044 2602
31 3 2806 2525 2905
31 1 500
32 4 1930 2000 328 2137
31 2 2982 1622
22 4 2469 2843 2502 261
27 5 2071 2453 1876 2515 1676
31 1 1578
24 5 612 853 1850 749 1655
40 4 2061 2547 169 2755
34 4 1989 1546 2046 814
29 5 3154 2765 2075 3102 2831
26 4 1603 1473 1404 1289
26 2 1121 2822
31 1 784
33 4 1690 808 897 2263
27 2 564 1443
34 4 2866 1352 1075 1650
31 4 849 1237 248 2164
31 4 1594 2612 2730 1447
26 5 3190 3120 2709 3074 1722
29 5 1869 2902 607 2245 2913
34 1 1238
25 4 951 1414 1792 3193
28 1 2256
27 4 2818 2303 687 2344
20 5 3052 1554 1750 2420 1965
26 3 2684 1188 1859
23 4 1677 1833 2771 3183
34 2 1830 795
32 4 1652 859 2731 2112
31 4 3153 2938 3005 2709
31 3 2936 518 2923
36 3 1228 2717 1989
22 5 2385 2242 3035 1907 1953
34 2 2792 2433
36 3 2479 1739 2039
30 3 1836 2286 2290
32 3 3036 1039 1648
28 3 1807 1455 2702
28 1 1122
44 5 1155 1621 1387 1154 1473
29 2 864 3150
24 1 2926
33 3 1258 2967 734
24 1 2162
25 2 2690 1636
31 3 1834 2520 1759
25 4 1035 2819 555 496
24 3 331 1098 3099
29 1 2028
35 5 2977 1795 2792 2669 1957
29 4 1605 123 410 2806
24 1 1354
24 4 1279 3098 3244 747
40 1 1156
31 3 753 2820 2287
26 1 1836
36 2 2708 2797
26 1 3034
30 1 1065
23 3 3065 3000 2546
32 1 3171
15 4 2695 2059 3006 2547
28 3 1537 1376 2369
28 5 1562 2554 771 2643 2295
24 3 2703 2606 1168
24 3 1553 1860 3133
24 4 684 2058 1873 2586
31 3 1536 695 564
33 1 2737
34 3 1941 3006 2380
30 5 2836 1186 2093 1558 25
37 3 2046 2600 2195
30 4 548 1834 875 2581
33 1 943
35 4 694 1132 1136 1580
23 2 866 2521
40 1 3116
29 1 3072
20 4 2340 3233 3016 2648
25 3 2653 1425 1289
29 5 2717 2886 1791 2141 2533
26 4 332 350 773 1758
29 5 2934 690 2859 1721 1664
27 3 2604 2724 2905
29 3 3049 3149 992
30 5 1849 720 691 1810 2167
33 1 2768
28 1 768
26 2 1402 1655
24 3 2819 1644 1117
37 2 2531 2282
35 2 2868 2796
27 2 2818 678
25 5 1631 1359 2980 1391 445
26 3 2795 573 2990
29 2 3162 3153
25 3 1861 1457 1089
25 1 2714
27 4 3098 2045 2414 1066
31 5 2994 2302 2895 754 3023
23 3 3050 1332 2072
36 4 2021 2279 2058 1257
27 3 2091 2021 2087
32 5 391 3232 2958 2828 1002
31 5 2284 3008 2135 2113 375
31 4 2513 2565 693 2631
29 4 1887 986 1390 1148
28 1 1957
30 2 2604 2860
29 5 1600 1385 2236 1794 2490
15 3 2810 23 2875
27 5 564 2588 2246 1661 308
38 4 2051 2888 580 709
19 4 503 1716 1186 2291
24 4 484 638 2742 1782
34 3 611 1057 2780
31 5 673 788 2742 1077 3153
33 5 389 2888 481 2193 1288
39 4 3041 1540 475 1674
25 4 1717 1558 2175 1049
29 3 1350 1411 1178
30 2 2707 236
24 4 1449 1953 1796 2331
34 3 2935 1977 1269
27 2 1177 2347
32 2 348 1033
32 4 2049 2473 2836 2105
31 4 3010 449 2142 245
33 2 2008 912
30 1 2332
34 5 1612 2513 2753 1057 3086
30 1 1057
20 2 1224 1812
25 3 1394 368 262
25 3 3248 1416 2121
37 1 1517
27 4 2425 788 2249 2006
37 2 727 1451
34 1 1715
35 5 3154 1913 2611 2870 2060
28 1 2708
33 5 1545 1564 2512 940 2702
34 1 2246
28 4 1751 2097 3008 2853
31 3 2578 1955 2959
35 5 18 2508 3011 1666 1777
20 4 2004 1823 1545 2378
25 4 2646 1784 1551 1268
28 5 3006 3236 2222 2839 2052
38 5 2740 2604 2520 2067 1695
31 1 2461
26 5 2902 2842 2931 286 2078
31 5 2496 2582 526 2619 1279
31 3 3027 285 2456
27 4 1199 2953 1240 322
28 2 2049 2975
32 5 757 1053 2350 2634 2241
30 4 325 1550 2186 2808
30 1 3003
22 1 2640
23 4 2834 2848 2668 2726
27 5 1279 2342 2967 2307 1869
39 2 1637 841
35 4 2585 3215 792 2849
29 5 3186 2844 468 1880 3019
33 1 3180
25 1 3237
25 3 2816 2818 2221
28 4 1002 717 2670 1751
35 3 3238 1932 1561
25 3 1256 1955 645
23 4 3091 173 2380 2703
29 4 2950 1056 1192 1163
35 2 1920 2310
33 4 2816 1867 3106 591
28 4 2638 2962 3174 2400
26 5 1636 2340 1021 2566 954
28 5 2405 2009 2667 1574 2301
21 3 3002 3054 2799
33 3 3041 2548 2219
29 4 1165 3039 3244 3249
24 2 3025 891
33 1 2710
27 2 776 381
31 3 812 757 1211
30 3 2000 1236 1666
27 5 606 2899 2977 1555 833
31 3 1645 3016 2540
27 1 1079
35 3 2563 901 1375
25 2 135 1985
31 2 2454 1895
35 5 2454 2191 2936 1407 2897
38 1 2396
29 2 2318 2205
27 4 2512 310 1101 1418
31 1 2244
36 5 2760 2741 1186 1418 1326
34 4 1189 3060 2187 2400
32 1 1089
21 5 634 2894 779 486 1268
34 2 466 981
28 2 1864 1869
30 2 1277 118
29 4 2558 334 1365 2527
29 3 1099 2582 3038
30 2 2585 1127
34 5 1477 3165 1302 1678 1503
28 3 1556 1971 3088
28 3 2622 579 2012
35 5 2768 584 2925 3144 818
17 3 2535 544 968
26 1 2659
33 3 3217 2662 2066
24 4 311 609 2886 444
26 1 3069
27 5 3037 1031 2911 1572 2854
24 2 255 910
20 3 335 1816 1745
23 4 2006 1061 2196 1992
23 3 3034 2629 2436
35 3 2706 2940 537
31 4 1109 2781 2606 3107
29 3 1353 1261 1777
32 4 1757 2441 1745 1763
30 2 915 408
43 2 2790 3091
28 4 3197 1689 1762 2921
26 3 1813 3039 2822
41 3 3241 2445 1500
29 1 2076
39 1 3067
32 4 2526 1555 575 1781
41 1 2625
31 3 1350 1341 2296
30 5 2273 677 2439 1527 1902
40 4 2845 2826 258 979
34 5 2379 3115 1790 2703 2953
33 2 2741 1473
30 1 1228
31 1 2706
31 1 2599
24 1 2656
29 1 3129
28 5 819 1490 1780 1584 1347
33 2 468 1497
31 3 545 2636 401
29 4 1844 2910 1855 419
22 4 801 1763 2185 918
18 1 2942
30 2 1779 3206
17 4 2746 2444 963 2905
20 2 1896 1603
27 5 1281 2145 1094 2876 2960
36 2 1707 2179
29 3 47 2360 999
28 4 899 2640 2476 1593
17 4 2909 1348 2595 2863
27 4 1667 2760 3070 3000
24 3 1963 2017 1609
25 1 1997
38 4 882 2746 2099 2484
28 1 2482
34 2 1669 469
18 1 353
29 1 2019
36 1 1674
29 4 2764 2882 2528 1249
35 5 1826 1744 3053 1373 3158
27 5 2360 2984 1170 2342 1310
36 5 2356 2424 211 2494 945
26 5 2126 1065 864 1624 1973
39 5 2820 2659 1200 3146 497
33 1 2036
30 2 1540 1966
30 3 2001 1311 1727
27 1 2144
28 3 2190 542 1288
25 5 184 2276 586 1650 3023
26 1 1348
28 1 1918
36 5 2157 1732 1885 2251 1282
21 5 314 3132 336 619 1927
32 4 1947 1525 2316 2065
24 5 3002 2368 3204 1204 1702
28 4 934 3014 1474 2726
26 3 705 1960 566
28 1 3218
30 3 2751 2658 1767
22 3 878 2028 2586
40 4 2621 774 2855 678
34 2 2855 844
30 5 2317 3208 2874 2836 381
27 5 2261 1443 2018 2000 2397
37 2 679 1428
25 2 2999 2825
28 3 2282 2497 3193
32 5 2095 3010 2771 1515 619
41 4 2864 2889 596 1300
25 3 1973 3004 2044
23 4 2537 1615 3051 2566
31 1 552
26 3 2437 2444 929
22 5 2726 3164 1137 576 2264
28 5 985 3243 1599 880 83
35 4 2689 2571 544 303
29 1 1503
33 5 2099 2673 567 2054 2851
30 2 2188 823
31 4 188 796 3003 2006
26 4 1994 1187 2721 1774
28 3 2685 2545 2667
30 4 1874 1173 1280 356
32 1 2470
35 5 2714 3104 3130 3241 2018
26 2 2909 2783
39 1 1189
39 3 605 2617 2912
37 2 1040 2766
20 4 2662 2675 2404 1053
26 5 3027 2711 2358 837 2109
22 3 2070 2931 2452
33 3 2883 1800 3156
26 4 1907 1025 2691 2816
27 2 1587 464
31 2 1575 2971
32 3 1841 1311 1285
26 4 2620 546 903 397
29 5 2772 403 870 2435 960
22 5 1131 2571 2602 2919 2189
29 3 1666 728 2099
35 5 3170 310 3001 1361 1431
32 1 1818
28 1 2193
26 5 2638 2297 2844 1017 2640
33 2 928 1205
30 3 1006 2135 3176
30 4 1957 2259 1526 2325
30 4 2228 2150 1164 2050
22 5 2618 2908 1385 351 3201
23 3 420 2981 583
24 5 2498 2423 2257 257 2014
23 3 964 1814 2571
29 1 2955
27 5 2228 1905 2389 1381 1049
28 4 2714 2944 324 3179
25 5 1489 2234 2388 1808 1849
27 3 1127 1312 2712
32 1 2656
37 3 2542 2742 2167
24 5 1193 1803 573 1162 1762
28 1 2467
30 2 1106 2853
35 5 1683 896 449 1528 2345
30 2 1977 3071
30 3 851 871 1560
37 2 1814 2742
22 4 348 2166 2255 1363
37 5 2886 1555 468 760 2536
35 5 923 2959 2268 1675 2534
32 2 2951 1577
36 2 449 2339
26 3 1748 2160 1045
28 3 1581 1071 1930
26 2 2914 1520
29 5 2433 2723 2969 2979 2923
30 4 1463 1900 2532 2958
32 5 2454 2975 2251 958 3101
14 1 2068
11 2 2744 2889
18 3 1719 778 2650
25 5 2192 1919 3176 2669 932
29 1 2527
30 3 3008 1098 321
26 3 2676 532 1960
22 3 10 2942 1935
35 4 2893 2976 1243 1781
42 5 2886 2694 1524 1374 2164
27 2 1246 3117
32 1 2634
36 2 2880 2612
32 5 1006 262 2395 2929 3211
21 2 1507 3090
30 4 1515 2537 2828 2361
34 3 775 993 2186
34 4 1992 927 3094 1834
26 5 1477 891 2866 3070 3083
38 5 1381 2720 1682 1841 1468
33 4 1185 1241 2546 2759
18 3 2765 3005 2992
30 5 3027 3013 1420 2766 3200
36 1 122
30 5 2780 1794 1731 158 744
37 4 2518 2816 413 311
32 2 1202 1079
30 2 2979 1330
30 5 989 2312 721 3124 2401
28 1 2108
27 3 1767 1466 1851
27 4 1028 2586 721 2296
25 3 1728 1945 432
33 2 2170 2356
30 1 579
26 2 3195 3205
28 5 2869 1611 197 2551 1326
25 4 2311 2497 1881 3218
24 2 2838 2896
29 5 1196 277 3191 3096 2183
28 5 1275 3005 2756 1647 3012
24 1 296
34 2 2502 2008
24 3 2676 2322 2146
33 2 667 2291
30 1 2939
36 5 707 1908 2912 782 2076
31 5 2555 3099 2899 2729 1443
25 4 2742 1645 1089 1042
27 5 2057 450 2546 2461 2666
25 4 781 1176 2975 1504
39 2 3162 2732
34 1 869
28 4 1986 2943 2443 2826
42 1 2576
33 2 2779 2380
35 4 2230 657 2850 698
26 3 1907 2035 2071
17 2 139 2630
30 4 3206 2732 1854 562
32 4 325 1745 1777 1584
25 4 2673 250 1709 1937
30 1 2707
34 2 2289 1118
31 5 2937 609 380 2678 2575
25 5 1587 2400 2044 2809 2949
30 5 1017 1836 1975 2523 900
30 4 1718 1631 723 254
39 1 2804
20 1 969
24 4 654 890 1124 3132
16 4 3019 1413 2114 2796
34 1 562
35 3 2604 1721 1821
32 1 3004
30 2 3247 2633
29 1 2731
26 3 425 1962 1866
31 5 1243 2554 3119 2778 1460
33 1 2628
31 1 263
43 1 319
28 1 1181
27 4 1632 705 2201 1791
32 5 880 1690 515 2866 1814
35 5 2643 1766 1549 2105 3174
34 5 2602 1904 2457 1822 3217
29 3 1142 1870 1556
37 2 922 2721
27 1 2881
21 2 3030 2861
36 3 1799 1817 1022
30 5 2603 2698 2176 1798 1159
32 5 2596 3217 3162 1882 2652
24 2 3234 808
27 5 551 2521 2770 2509 2507
25 3 1511 889 2806
22 4 2815 486 2504 1171
31 5 2741 2543 872 1008 2387
23 2 921 781
30 2 1507 913
31 4 2593 1106 520 2518
21 1 1324
31 4 2665 2240 2846 2598
20 4 3228 1217 3004 897
34 5 1312 1548 1974 1721 2604
25 1 1605
25 3 453 2433 2711
28 4 2922 1543 1835 269
20 3 933 2379 2929
28 5 3077 3236 3243 2165 847
35 1 3061
32 4 2810 265 2320 1092
28 1 1446
37 2 2900 2870
32 1 2616
36 2 2883 3074
29 1 2843
35 1 1769
28 1 1741
33 4 912 3010 728 1144
27 1 1694
21 1 2138
33 1 3040
33 1 1786
25 3 1291 2585 2850
33 5 2054 373 2011 1645 1363
28 5 1448 2797 1353 2180 2552
29 2 2434 1155
29 3 2741 1143 2728
25 3 1927 2477 687
26 1 2766
36 4 946 2335 262 762
26 4 2222 1200 1804 2403
29 5 2141 2352 1337 2471 2285
22 1 617
35 5 2128 724 269 1206 3050
22 1 2502
34 4 1613 1618 948 2598
28 5 2425 2407 2248 2698 2497
32 5 2753 1825 502 1674 2079
34 2 2176 718
32 1 3235
30 5 2271 2890 3106 1537 1098
34 5 2881 2276 1035 3078 2219
21 1 2566
28 1 1191
30 4 2718 2809 2618 3018
29 3 1543 2221 797
27 4 3083 1525 2178 2840
32 3 2995 85 477
35 1 1401
29 2 1517 1317
34 4 517 2718 1632 1343
28 1 2543
29 2 2642 521
27 2 2364 2248
38 2 1638 3110
33 5 267 2949 2329 1306 1680
34 3 466 2374 940
32 5 272 2756 1975 1967 1493
25 4 1047 2991 2771 2079
32 4 356 677 1478 2556
35 4 1778 2839 2111 2187
37 1 2738
35 4 1482 1452 1655 1722
23 5 1040 742 2618 1336 1917
31 5 198 2310 2546 2604 2945
28 3 2269 2604 2933
37 5 510 2487 1849 3249 2749
27 5 792 869 2632 1201 1048
32 2 1601 2988
37 1 1836
28 2 1497 2327
36 3 1607 2660 2399
31 2 2667 2708
