3
500
2 2 3 2 3 3 2 1 1 2 2 3 1 2 3 3 1 3 2 3 1 1 1 3 3 1 2 1 3 1 3 3 1 2 2 2 1 2 1 1 2 2 1 1 1 2 2 3 2 3 1 2 3 1 1 1 3 2 2 1 1 2 1 2 3 3 3 3 2 2 2 1 2 1 1 3 2 3 1 1 3 1 2 3 1 3 2 1 1 3 1 2 3 1 3 3 2 1 2 3 2 1 2 1 3 3 1 3 2 2 3 2 3 1 1 2 1 1 3 2 1 3 3 1 2 3 3 1 3 3 3 1 3 3 3 2 2 2 1 1 2 1 2 2 1 3 3 2 3 2 1 3 2 3 2 3 3 2 2 3 1 1 3 1 3 1 3 3 1 1 1 1 1 1 1 1 3 3 3 3 1 1 3 1 3 1 1 2 2 2 3 3 1 2 3 3 2 3 1 1 2 2 3 3 3 1 3 1 1 2 1 1 1 1 1 2 2 3 1 1 2 2 1 3 1 2 3 3 3 1 2 2 1 1 3 3 1 1 1 3 3 1 2 3 1 1 3 3 1 1 2 2 3 2 1 1 1 2 3 2 1 1 3 1 1 2 1 3 3 2 2 2 1 1 1 3 1 1 1 1 2 3 2 2 2 1 1 2 3 2 1 1 1 1 1 1 2 1 2 2 1 2 2 2 3 2 2 2 1 2 3 2 1 2 2 2 3 1 3 3 1 2 1 3 1 3 3 2 3 3 3 1 2 1 3 1 1 1 1 1 1 2 3 2 1 2 1 2 1 2 1 2 2 3 3 2 3 1 3 3 2 1 3 2 1 1 1 3 1 1 3 2 3 2 2 1 3 2 2 1 2 3 3 1 2 3 1 2 1 2 3 3 1 2 1 2 2 3 3 3 3 1 1 2 1 1 2 3 3 1 2 3 3 2 1 1 1 1 3 2 1 2 1 3 2 2 3 1 3 2 3 3 2 1 1 2 2 1 1 2 3 3 1 1 3 1 1 1 2 1 3 2 3 1 1 3 1 3 3 2 3 3 3 2 2 1 1 2 3 3 3 2 3 3 3 2 3 2 2 2 1 2 2 3 2 3 1 2 3 2 1 3 1 2 3 3 2 3 3 2 
500
2 2 2 2 2 2 2 2 2 2 2 2 2 2 2 2 2 2 2 2 2 2 2 2 2 2 2 2 2 2 2 2 2 2 2 2 2 2 2 2 2 2 2 2 2 2 2 2 2 2 2 2 2 2 2 2 2 2 2 2 2 2 2 2 2 2 2 2 2 2 2 2 2 2 2 2 2 2 2 2 2 2 2 2 2 2 2 2 2 2 2 2 2 2 2 2 2 2 2 2 2 2 2 2 2 2 2 2 2 2 2 2 2 2 2 2 2 2 2 2 2 2 2 2 2 2 2 2 2 2 2 2 2 2 2 2 2 2 2 2 2 2 2 2 2 2 2 2 2 2 2 2 2 2 2 2 2 2 2 2 2 2 2 2 2 2 2 2 2 2 2 2 2 2 2 2 2 2 2 2 2 2 2 2 2 2 2 2 2 2 2 2 2 2 2 2 2 2 2 2 2 2 2 2 2 2 2 2 2 2 2 2 2 2 2 2 2 2 2 2 2 2 2 2 2 2 2 2 2 2 2 2 2 2 2 2 2 2 2 2 2 2 2 2 2 2 2 2 2 2 2 2 2 2 2 2 2 2 2 2 2 2 2 2 2 2 2 2 2 2 2 2 2 2 2 2 2 2 2 2 2 2 2 2 2 2 2 2 2 2 2 2 2 2 2 2 2 2 2 2 2 2 2 2 2 2 2 2 2 2 2 2 2 2 2 2 2 2 2 2 2 2 2 2 2 2 2 2 2 2 2 2 2 2 2 2 2 2 2 2 2 2 2 2 2 2 2 2 2 2 2 2 2 2 2 2 2 2 2 2 2 2 2 2 2 2 2 2 2 2 2 2 2 2 2 2 2 2 2 2 2 2 2 2 2 2 2 2 2 2 2 2 2 2 2 2 2 2 2 2 2 2 2 2 2 2 2 2 2 2 2 2 2 2 2 2 2 2 2 2 2 2 2 2 2 2 2 2 2 2 2 2 2 2 2 2 2 2 2 2 2 2 2 2 2 2 2 2 2 2 2 2 2 2 2 2 2 2 2 2 2 2 2 2 2 2 2 2 2 2 2 2 2 2 2 2 2 2 2 2 2 2 2 2 2 2 2 2 2 2 2 2 2 2 2 2 2 2 2 2 
500
4 5 4 5 4 4 4 5 5 5 5 4 5 3 4 3 3 5 4 5 5 5 5 3 3 5 3 4 5 5 3 4 4 5 3 4 3 5 4 3 4 5 5 3 4 4 5 4 4 4 4 5 4 4 3 3 3 4 4 3 3 4 5 4 5 5 4 4 5 3 3 5 3 3 4 3 3 3 3 3 4 3 5 5 3 5 5 5 4 5 4 3 4 5 5 5 3 5 3 4 3 4 3 4 4 4 5 5 3 5 4 4 5 5 5 3 3 3 3 5 5 3 4 4 3 4 3 4 4 4 4 5 4 3 4 5 5 3 3 3 4 4 3 3 5 3 5 4 3 5 4 4 4 3 4 5 4 4 3 4 5 3 5 3 4 4 3 5 4 4 5 4 5 5 3 5 3 3 3 5 3 5 4 5 5 5 5 3 4 3 3 4 4 5 4 4 5 3 5 4 3 4 4 5 3 4 5 3 3 4 5 5 3 4 5 4 5 4 5 3 4 3 5 4 5 4 5 4 3 4 3 4 4 4 4 5 3 3 3 5 5 3 3 5 5 5 3 3 5 4 3 4 3 3 5 3 4 5 4 5 4 3 3 3 4 3 4 4 3 4 3 4 4 4 5 5 5 4 5 4 5 5 4 5 3 3 5 5 3 5 5 3 4 3 4 5 4 3 5 4 4 5 4 5 5 5 4 5 5 4 3 5 3 4 5 4 5 4 5 4 4 5 5 5 3 5 3 5 5 5 3 4 3 5 3 4 4 4 3 5 3 4 3 5 4 4 5 5 3 3 5 3 4 4 5 3 3 3 5 5 4 3 3 4 4 4 3 5 4 4 5 4 5 4 3 3 4 4 3 4 4 5 4 4 3 4 3 4 3 4 3 5 3 5 4 3 3 5 5 4 4 5 4 4 4 5 3 5 4 5 4 5 5 5 3 4 5 3 4 5 3 3 5 5 5 3 5 3 5 3 3 5 4 3 3 4 3 4 3 5 5 4 4 5 5 3 3 4 3 5 4 4 5 3 3 4 5 3 3 3 4 4 3 4 4 4 3 4 3 5 3 3 5 3 3 3 3 4 5 4 5 4 5 4 5 5 4 4 3 3 5 5 5 3 4 4 5 5 5 4 
2036
1 767
1 1413
2 674
2 1478
2 576
2 1379
3 1389
3 617
4 531
4 1053
4 1210
5 1155
5 1364
5 821
6 958
6 1287
6 999
6 828
7 873
7 1116
7 844
7 1431
8 739
8 1201
8 1133
10 561
10 806
10 1363
11 1037
11 882
12 1029
12 1442
12 1365
12 806
13 691
13 1341
15 549
15 1275
15 1367
15 1246
17 792
17 710
18 757
18 1292
18 895
19 1195
19 836
20 817
20 1031
21 1352
22 1021
24 1074
24 919
24 1464
24 805
25 600
25 1429
26 603
26 1443
26 625
26 934
27 1055
27 703
29 1150
29 1497
29 1094
30 1278
30 909
31 1288
31 1143
31 538
32 563
32 1278
33 589
35 1019
35 540
36 628
36 1289
36 739
36 1412
37 582
37 1230
38 698
38 1325
38 1325
38 1189
40 736
41 1061
41 559
41 1033
42 820
42 1331
42 1034
42 806
43 1235
45 1443
45 1262
45 793
45 890
47 1332
49 630
49 614
49 1378
49 1313
51 1296
51 635
52 531
52 1203
53 1266
55 559
55 843
55 1145
55 1389
56 736
57 1011
58 1466
58 1013
58 819
59 898
60 723
60 932
60 1336
61 957
61 1498
61 1096
63 544
63 1044
63 737
63 734
64 1232
66 1047
66 1113
67 1463
68 575
68 938
69 1350
69 1238
69 1263
70 1341
70 583
70 819
70 1329
72 983
72 799
72 1286
72 1268
74 1384
74 772
74 1385
74 1451
75 983
75 1013
76 1254
77 541
77 779
77 1038
77 1139
78 540
78 815
78 1130
79 1454
79 1445
79 722
79 1306
81 659
81 1416
81 1456
81 1212
82 812
82 1026
82 1060
83 1355
84 1043
84 535
84 1314
85 570
87 691
87 777
87 1370
87 943
88 504
88 568
88 1454
88 1334
89 842
89 664
89 709
90 1381
90 601
90 545
90 1086
91 1231
91 686
91 668
91 1056
92 534
92 1219
92 929
93 669
93 509
94 530
94 614
94 739
95 1094
96 537
96 1382
96 1475
96 964
97 1496
97 1429
100 507
100 816
100 682
101 579
101 1350
101 1120
101 1277
102 574
103 764
103 1319
103 1222
103 933
105 1332
105 1300
105 963
105 857
106 1386
106 1044
106 918
106 1047
107 1027
108 1216
108 1151
108 960
111 1467
111 689
111 713
113 624
113 750
114 594
116 1290
116 1499
116 1304
117 1108
118 1147
118 606
118 1410
118 1203
119 815
119 866
120 749
120 1177
121 1298
122 1164
122 1364
122 933
122 1320
123 875
124 1332
125 662
126 1153
126 1154
126 1454
127 1317
128 1314
129 801
129 823
129 1091
130 895
130 1172
130 661
131 1481
132 544
133 1282
133 601
133 1216
134 1392
134 1245
134 1370
135 994
135 1082
135 617
136 622
137 879
138 1367
139 1271
140 589
140 568
140 1491
140 731
141 550
141 505
142 667
142 1265
142 1348
142 828
143 708
143 1328
143 1137
144 884
145 936
145 1058
145 638
145 768
147 1390
147 911
150 603
150 535
150 974
151 1099
151 595
151 706
153 592
153 717
153 1113
154 645
154 616
155 690
155 1050
155 1253
155 704
156 1147
156 749
157 1429
158 1316
159 1244
160 680
160 1199
160 1206
163 1219
164 1477
164 1330
164 692
165 1198
165 1026
167 716
167 1041
167 1032
167 971
168 1480
168 623
168 596
168 1370
170 514
170 1212
170 1211
170 927
172 1384
173 819
173 729
173 1178
173 1042
174 822
174 1059
174 1435
175 1142
175 637
175 785
175 815
176 586
177 1395
178 668
178 581
178 753
178 1305
179 1116
179 1017
179 879
180 663
180 1224
180 977
180 843
181 1370
181 898
181 1251
182 1457
182 629
183 1026
184 742
184 562
184 1091
185 1396
186 1083
187 1485
189 1427
189 1179
190 519
190 873
190 509
190 511
191 1213
193 672
195 852
195 865
195 1068
199 1349
200 688
200 755
201 704
203 925
203 560
204 1369
204 1462
204 1176
205 595
205 1151
205 1135
205 570
206 1220
206 1179
208 700
208 1398
209 775
209 671
210 955
210 939
210 547
211 926
211 801
211 1237
212 1169
212 1298
213 1025
213 912
213 972
213 941
215 1254
215 1084
215 1108
216 1450
218 1171
218 1100
218 1469
218 1447
219 1291
219 937
220 653
220 958
220 545
220 639
221 1385
221 1075
222 908
222 1160
223 1189
223 677
223 1267
223 1173
224 1284
225 516
225 768
229 1390
229 1274
230 1312
231 736
232 829
232 616
233 782
233 1084
233 568
234 760
234 912
234 1130
234 1206
236 1055
236 695
236 800
238 953
239 665
239 1114
239 1066
240 1146
240 1153
240 1171
241 521
241 524
241 637
241 1497
242 1131
243 554
244 507
244 1082
244 1014
244 883
247 978
247 748
247 1103
247 1237
248 1389
248 1489
248 815
249 1029
249 656
249 782
250 546
250 631
251 1283
251 906
251 627
252 1066
252 1456
252 801
252 926
253 1161
253 1250
253 1100
254 1423
254 1201
254 945
255 581
256 980
256 1325
256 1197
256 650
258 1303
258 957
259 1400
259 1322
259 1447
260 556
260 704
261 945
261 532
262 738
263 617
263 1480
263 837
263 1058
264 837
264 1038
264 1129
265 1498
265 1382
266 1428
266 1153
266 1397
266 663
267 1062
267 776
268 668
270 1002
270 1214
271 512
271 1243
271 602
271 843
273 911
273 1001
273 1354
273 1009
274 887
275 523
276 1027
277 858
277 596
277 1042
278 816
279 787
280 1319
281 1231
281 506
281 1251
282 1451
282 1480
282 1139
283 633
284 1461
284 959
284 916
284 722
286 1467
286 1255
287 1188
288 527
289 566
289 1081
289 624
289 668
290 846
291 917
291 645
291 1388
291 989
293 1233
293 680
293 570
293 599
294 1015
294 1230
294 1233
294 1233
296 1405
296 978
297 817
297 837
299 1425
299 1368
299 988
300 923
300 1354
300 1190
301 1224
302 1047
303 973
304 630
304 1480
304 783
305 857
305 1310
305 1390
307 729
307 783
308 788
308 781
309 609
309 652
309 1042
309 1164
310 523
310 1041
311 1230
311 1429
311 821
312 714
312 1177
312 909
313 1189
314 961
314 1034
314 1137
315 523
315 1037
315 891
316 945
316 695
316 1279
317 1480
317 621
318 1060
318 571
318 1057
320 539
320 1100
320 1160
320 985
321 977
321 869
321 554
321 730
322 695
322 1488
322 1307
323 1369
323 580
324 964
324 995
324 1138
324 1467
325 874
325 1296
326 1269
326 655
327 583
327 1177
327 686
327 521
330 1475
330 1003
330 945
330 907
331 1499
331 1128
331 656
332 1109
332 915
333 831
333 950
333 1354
334 1366
334 1416
334 1128
335 1482
335 908
336 1032
336 800
336 761
336 979
338 1422
338 1378
338 862
340 1429
340 1221
340 1457
341 529
341 1458
342 1136
342 1385
342 1232
343 580
343 856
345 623
345 1337
345 719
346 1141
346 873
346 1437
346 515
347 695
347 949
349 530
349 971
351 1085
351 569
353 1271
354 862
355 1110
355 624
355 1103
356 1044
357 707
357 1328
357 674
358 959
358 1198
358 1021
359 995
359 1298
359 1102
361 782
361 1334
361 1429
362 930
362 577
362 1009
362 1306
363 1146
363 1127
363 1242
364 904
365 1237
365 544
365 1424
366 1396
366 1109
366 995
367 1154
368 890
368 843
368 846
368 1217
369 864
369 1279
371 1062
371 677
371 590
371 722
372 1030
372 915
374 1430
374 628
374 897
374 1046
375 1206
375 660
375 946
376 716
377 551
377 1119
377 1447
378 1372
378 797
378 725
378 1114
380 1301
382 716
382 1154
382 1271
383 1271
383 646
383 1177
384 1482
384 657
384 993
386 1146
386 1110
386 1055
386 1493
387 1039
387 1197
387 1415
387 870
388 1218
388 927
389 831
389 1111
389 1431
390 508
390 1312
390 1313
390 1483
392 1264
393 1325
393 677
394 582
394 1406
394 1184
394 737
395 1064
395 1398
396 529
397 1290
397 1339
398 769
398 531
398 1206
398 1274
399 676
401 645
401 587
402 1084
402 742
403 904
404 589
404 944
406 1202
406 1184
406 938
406 1011
407 1286
407 1452
408 1181
408 782
410 1411
410 1216
410 952
411 1201
411 522
411 1386
411 531
412 580
413 1098
414 1388
415 988
415 939
415 570
417 684
417 734
418 687
419 945
421 1432
421 1226
421 1305
421 802
422 1322
424 765
424 505
424 630
424 1309
425 658
425 571
425 1080
425 1070
426 1139
428 1365
428 855
428 1219
428 1005
430 1145
431 582
432 1189
434 693
434 1184
434 892
435 728
437 1314
437 1032
437 1113
438 1103
438 583
438 988
438 1168
440 745
442 1458
442 643
442 860
444 705
444 1225
444 620
445 1107
446 1101
446 859
446 1253
446 610
447 766
447 1211
447 1005
448 758
449 1160
449 1482
449 1041
449 654
450 1274
451 1097
452 1306
452 565
453 1257
453 1238
453 948
453 711
454 701
454 761
455 611
455 798
455 620
455 1362
456 1470
456 752
459 641
459 1150
460 739
460 697
460 1088
460 962
461 931
461 701
461 993
462 535
462 1100
462 981
462 632
463 993
463 1398
463 1144
464 855
464 871
464 741
464 1456
465 1323
465 1344
466 1375
467 1049
467 553
467 582
467 870
468 886
468 935
469 867
469 708
469 597
469 1177
470 1082
470 534
470 662
471 1357
471 946
471 1035
474 1172
474 1180
474 655
474 603
475 726
475 1062
476 502
476 1214
476 566
476 745
477 959
477 602
477 1485
477 1222
478 1211
480 1490
483 1451
483 940
484 1191
484 852
484 1027
485 1265
485 657
485 937
485 1327
486 960
486 819
486 517
487 1427
487 560
487 1028
488 1426
488 883
488 1434
488 670
490 934
491 981
491 1350
491 682
492 1340
492 1299
492 1011
493 837
494 1321
494 1374
494 1318
495 578
495 669
496 620
496 571
497 1370
497 846
497 618
498 851
498 962
500 824
503 1236
503 1132
504 1258
506 1261
506 1354
506 1161
507 1278
507 1340
507 1406
508 1329
508 1380
509 1097
509 1450
509 1400
510 1241
510 1257
513 1048
514 1390
514 1430
514 1337
514 1017
515 1269
515 1009
515 1401
515 1470
516 1415
517 1490
517 1042
517 1210
518 1229
518 1218
518 1111
519 1382
521 1445
521 1235
521 1065
521 1409
522 1424
522 1362
523 1412
524 1172
524 1146
525 1254
525 1342
525 1178
525 1090
526 1108
528 1173
528 1355
528 1437
529 1230
529 1219
529 1445
529 1352
530 1438
531 1397
531 1212
531 1142
531 1099
533 1406
533 1251
533 1109
533 1312
534 1419
534 1080
534 1397
534 1284
535 1026
535 1415
536 1049
536 1487
536 1274
537 1187
538 1115
538 1427
538 1142
538 1198
539 1398
539 1041
539 1263
539 1371
540 1339
540 1410
540 1032
541 1017
541 1271
541 1415
542 1327
542 1454
543 1377
543 1076
543 1452
545 1089
545 1308
546 1305
546 1130
546 1157
547 1318
547 1271
548 1232
548 1226
548 1194
548 1023
551 1169
553 1209
553 1337
553 1398
553 1452
554 1301
554 1119
555 1090
555 1156
555 1297
555 1078
556 1260
556 1067
556 1267
556 1009
557 1458
557 1067
557 1460
559 1153
559 1127
559 1273
560 1329
561 1376
561 1381
562 1040
562 1023
562 1231
562 1382
563 1314
563 1106
564 1005
564 1239
564 1382
565 1424
567 1279
567 1274
567 1056
568 1391
568 1092
570 1497
570 1281
570 1386
570 1247
571 1355
571 1129
571 1157
571 1102
572 1394
573 1063
574 1147
574 1286
574 1207
575 1380
575 1352
575 1260
575 1192
576 1129
576 1053
576 1017
577 1462
578 1040
578 1408
578 1035
578 1460
579 1045
579 1442
580 1145
580 1262
580 1095
580 1428
581 1289
583 1208
585 1147
585 1448
585 1499
585 1226
586 1114
586 1386
586 1464
587 1436
587 1179
587 1466
587 1360
588 1124
588 1025
588 1367
588 1014
589 1322
589 1076
590 1230
590 1214
590 1375
591 1128
591 1430
591 1192
592 1239
592 1073
593 1452
593 1401
593 1430
594 1101
594 1255
594 1334
595 1168
595 1328
596 1116
596 1402
597 1120
597 1394
598 1226
598 1423
598 1122
598 1113
599 1412
599 1036
599 1448
599 1144
600 1453
600 1364
601 1280
601 1111
601 1041
601 1360
602 1277
602 1358
603 1242
603 1257
605 1284
605 1100
606 1342
607 1337
607 1090
607 1408
607 1150
608 1432
608 1121
608 1104
608 1159
609 1308
609 1369
609 1393
609 1273
610 1344
610 1226
611 1307
611 1037
612 1308
613 1212
613 1453
613 1337
614 1129
614 1206
615 1078
616 1148
616 1135
616 1153
616 1005
617 1172
617 1131
617 1154
617 1344
618 1476
618 1205
619 1238
620 1103
620 1050
620 1001
622 1095
623 1486
623 1448
623 1200
624 1459
625 1299
625 1240
625 1068
628 1435
628 1290
628 1323
629 1261
630 1311
632 1492
633 1414
633 1377
635 1039
635 1302
635 1292
636 1053
636 1380
636 1370
637 1249
637 1217
637 1013
637 1283
638 1151
638 1095
638 1064
639 1240
639 1403
639 1013
639 1157
640 1328
640 1167
640 1358
640 1093
642 1482
642 1492
642 1239
642 1020
643 1159
644 1109
644 1388
644 1094
644 1150
646 1003
646 1344
646 1297
648 1293
648 1334
648 1276
648 1168
650 1198
651 1224
652 1183
652 1206
652 1103
652 1064
653 1244
653 1303
653 1219
653 1222
654 1395
654 1417
655 1382
655 1372
655 1263
655 1242
656 1426
656 1415
656 1342
657 1252
657 1068
657 1343
658 1450
659 1288
659 1449
660 1437
660 1152
660 1152
660 1216
661 1132
662 1207
662 1426
663 1004
663 1051
664 1495
666 1137
666 1181
667 1118
667 1283
667 1233
667 1189
671 1379
672 1252
672 1352
672 1166
673 1355
673 1273
675 1195
676 1299
676 1253
676 1295
677 1003
677 1179
677 1415
677 1494
678 1473
678 1042
679 1150
680 1037
681 1038
682 1323
682 1019
683 1032
683 1205
683 1082
683 1245
684 1328
684 1459
685 1218
685 1341
687 1091
687 1480
687 1303
688 1006
689 1273
689 1271
690 1030
692 1364
692 1388
692 1443
693 1329
695 1491
695 1210
695 1020
695 1179
696 1128
696 1444
696 1178
696 1159
697 1139
697 1298
697 1395
697 1257
698 1427
698 1083
698 1205
700 1189
700 1474
700 1256
702 1016
703 1315
704 1330
705 1195
705 1199
705 1440
706 1076
706 1083
706 1432
707 1404
707 1267
707 1105
707 1412
708 1175
711 1030
711 1473
711 1319
712 1209
712 1455
712 1241
712 1337
713 1496
713 1272
713 1463
713 1372
714 1379
714 1168
714 1476
714 1136
715 1436
715 1136
716 1080
717 1131
717 1445
717 1473
718 1267
719 1360
719 1464
719 1487
720 1053
720 1493
721 1334
721 1377
721 1053
723 1466
723 1385
723 1147
723 1355
724 1499
724 1414
725 1163
725 1083
725 1242
725 1404
726 1063
727 1244
727 1461
727 1231
727 1100
729 1263
729 1424
729 1267
729 1357
731 1355
732 1433
732 1087
734 1236
735 1196
735 1484
735 1177
735 1205
736 1036
737 1375
737 1489
737 1274
737 1006
738 1397
738 1273
740 1216
740 1124
741 1219
741 1366
741 1442
742 1279
743 1475
743 1314
743 1421
743 1391
745 1470
745 1040
745 1339
747 1423
747 1295
747 1408
748 1051
750 1364
750 1342
750 1292
751 1472
751 1065
751 1308
752 1275
752 1373
752 1348
753 1184
753 1146
753 1494
754 1111
754 1354
754 1304
754 1170
756 1411
756 1352
756 1239
757 1491
757 1141
757 1130
757 1215
758 1010
758 1251
758 1017
759 1083
759 1413
759 1246
760 1096
760 1131
760 1433
761 1273
762 1200
762 1044
762 1141
763 1412
763 1228
764 1153
764 1460
765 1384
765 1257
765 1157
766 1238
767 1458
767 1424
767 1455
768 1063
770 1429
770 1379
770 1440
771 1393
772 1494
772 1086
773 1124
774 1014
775 1108
775 1331
775 1485
775 1304
776 1357
776 1335
778 1345
779 1066
780 1233
780 1280
780 1160
780 1124
781 1441
781 1494
781 1436
782 1252
782 1228
783 1398
784 1222
784 1226
784 1191
784 1476
786 1234
786 1003
787 1308
787 1211
788 1397
788 1419
788 1422
790 1055
790 1088
790 1421
790 1045
791 1062
791 1471
791 1027
791 1276
794 1338
794 1415
794 1226
794 1107
795 1269
795 1387
795 1434
796 1081
796 1054
796 1316
796 1011
797 1352
798 1296
798 1277
799 1230
800 1138
800 1395
801 1154
801 1259
801 1109
801 1467
803 1202
803 1361
803 1002
803 1401
804 1466
804 1259
805 1381
806 1474
806 1307
806 1326
807 1158
807 1144
809 1327
809 1009
809 1405
810 1124
810 1170
811 1344
812 1420
812 1161
812 1168
813 1269
813 1416
814 1014
815 1244
815 1051
815 1371
815 1459
816 1070
816 1350
816 1068
817 1235
819 1011
820 1355
820 1083
820 1250
820 1054
824 1391
825 1054
825 1197
825 1293
825 1461
826 1035
826 1435
826 1203
826 1054
827 1252
827 1196
828 1197
828 1428
829 1122
829 1131
829 1472
829 1167
831 1423
831 1146
832 1349
832 1133
832 1106
832 1093
833 1306
833 1437
833 1449
835 1319
835 1119
836 1133
836 1154
836 1191
836 1291
839 1119
839 1133
840 1163
840 1447
840 1283
840 1168
841 1383
841 1152
842 1158
842 1050
842 1492
842 1322
843 1224
844 1272
844 1397
845 1304
847 1064
847 1407
847 1078
848 1031
848 1040
848 1154
849 1180
849 1233
849 1187
849 1188
850 1057
850 1285
850 1185
854 1166
854 1128
854 1448
854 1495
855 1316
855 1495
856 1244
856 1339
857 1247
857 1314
857 1331
858 1431
860 1143
860 1043
860 1288
860 1160
861 1063
861 1183
861 1436
861 1363
862 1466
862 1269
863 1432
863 1151
863 1099
864 1246
864 1318
864 1079
866 1121
866 1395
867 1109
867 1490
867 1443
867 1189
869 1075
869 1318
869 1408
869 1183
870 1258
870 1007
870 1431
871 1153
872 1079
873 1299
873 1254
876 1122
877 1365
877 1168
877 1072
878 1022
878 1261
879 1086
879 1056
881 1085
881 1233
881 1084
881 1473
882 1154
884 1291
885 1280
885 1049
885 1309
885 1133
888 1293
888 1303
888 1294
889 1018
889 1254
889 1189
889 1123
890 1465
891 1396
891 1218
891 1273
892 1416
892 1229
893 1334
893 1454
895 1339
895 1084
896 1275
896 1009
897 1151
898 1167
898 1395
898 1461
898 1088
899 1091
899 1082
899 1071
900 1157
900 1031
900 1274
901 1311
901 1176
901 1349
902 1426
903 1095
903 1131
903 1274
903 1456
904 1415
904 1308
904 1035
904 1347
905 1320
906 1281
906 1067
907 1083
907 1447
908 1470
908 1140
908 1132
909 1230
909 1314
909 1215
912 1259
912 1403
913 1454
913 1117
914 1429
915 1479
915 1169
916 1192
917 1337
917 1049
917 1231
917 1017
919 1278
919 1141
919 1096
920 1210
920 1009
920 1352
921 1272
921 1421
923 1408
924 1259
924 1335
925 1477
925 1387
925 1391
925 1252
926 1263
926 1081
926 1097
926 1448
927 1024
927 1075
928 1036
928 1406
928 1324
930 1020
930 1346
930 1457
931 1153
931 1254
931 1235
932 1013
932 1197
932 1120
932 1298
934 1316
935 1392
935 1043
936 1291
936 1245
936 1426
938 1047
938 1136
939 1017
940 1079
940 1149
941 1228
941 1341
942 1106
942 1335
942 1032
943 1210
943 1140
945 1136
945 1185
945 1408
946 1028
946 1033
946 1384
946 1490
947 1378
947 1243
947 1244
947 1018
949 1014
949 1050
950 1292
950 1254
950 1404
950 1111
951 1304
951 1007
952 1193
952 1085
953 1312
954 1247
955 1500
955 1347
955 1385
955 1115
956 1172
956 1266
956 1387
957 1464
958 1317
959 1367
959 1436
959 1178
959 1072
960 1046
960 1334
960 1169
960 1487
961 1033
963 1241
963 1252
964 1222
965 1386
965 1390
965 1448
967 1291
967 1307
969 1279
971 1121
971 1415
971 1010
971 1460
973 1343
973 1057
973 1025
973 1430
974 1401
974 1105
975 1496
975 1442
977 1146
977 1185
978 1274
978 1338
978 1316
978 1202
979 1425
979 1189
980 1392
980 1112
981 1184
981 1263
983 1197
983 1326
983 1242
983 1422
984 1058
984 1241
986 1277
988 1480
988 1422
988 1119
989 1178
989 1288
989 1071
990 1322
990 1373
990 1130
991 1343
991 1321
991 1204
991 1230
992 1268
992 1202
992 1148
992 1047
993 1218
993 1490
993 1311
993 1281
994 1324
995 1127
996 1365
996 1446
996 1222
997 1324
997 1289
998 1013
998 1450
998 1390
998 1133
999 1101
1000 1010
1000
32 1 1030
18 1 752
35 1 1431
24 1 84
33 1 1199
28 1 561
27 1 1419
36 1 740
21 1 724
34 1 1360
29 1 628
32 1 1050
30 1 602
30 1 676
34 1 1394
33 1 113
28 1 1138
33 1 1234
33 1 1210
29 1 1444
31 1 1113
33 1 565
36 1 505
32 1 586
29 1 855
37 1 1
34 1 1044
30 1 770
29 1 747
30 1 592
26 1 534
27 1 1179
28 1 802
38 1 1196
32 1 587
26 1 927
31 1 891
32 1 696
34 1 526
34 1 634
24 1 998
26 1 869
32 1 1387
35 1 1091
39 1 981
28 1 1462
24 1 1058
21 1 67
29 1 841
28 1 2
28 1 799
30 1 317
25 1 627
25 1 1236
30 1 1070
27 1 1500
20 1 932
35 1 981
29 1 161
30 1 480
32 1 1081
26 1 1429
34 1 918
34 1 1316
24 1 1000
32 1 1312
23 1 1008
32 1 1110
30 1 1449
33 1 439
24 1 1135
29 1 986
36 1 389
34 1 1437
41 1 776
16 1 497
37 1 183
35 1 251
25 1 1467
28 1 1084
32 1 698
30 1 609
35 1 809
38 1 811
30 1 1193
32 1 1021
27 1 856
23 1 1363
16 1 983
35 1 660
32 1 1054
25 1 1321
30 1 1312
29 1 1499
29 1 13
18 1 646
40 1 1437
34 1 143
31 1 783
30 1 1496
29 1 1257
25 1 847
34 1 1139
34 1 1480
40 1 1272
26 1 913
35 1 1432
26 1 1343
31 1 1365
27 1 989
20 1 815
29 1 1112
34 1 1082
28 1 689
36 1 603
25 1 145
31 1 1419
36 1 530
30 1 492
19 1 1338
30 1 1093
28 1 939
24 1 1147
22 1 844
25 1 109
32 1 1456
23 1 1362
28 1 577
24 1 556
29 1 1455
29 1 1468
36 1 1060
26 1 733
33 1 1228
37 1 1233
31 1 1167
22 1 654
31 1 549
27 1 1124
29 1 531
25 1 507
28 1 427
29 1 683
31 1 1415
29 1 1409
31 1 882
39 1 24
32 1 1383
28 1 1308
34 1 602
22 1 896
32 1 63
33 1 1103
23 1 1144
21 1 1297
29 1 978
38 1 733
32 1 111
27 1 74
28 1 747
34 1 529
33 1 891
23 1 518
29 1 1439
23 1 1434
32 1 1041
24 1 1197
28 1 1224
36 1 412
27 1 1478
33 1 561
29 1 1411
22 1 1419
22 1 1369
34 1 1027
27 1 1029
28 1 1040
26 1 825
37 1 933
31 1 730
36 1 578
33 1 1469
28 1 760
31 1 1003
19 1 1059
22 1 1187
26 1 293
30 1 931
25 1 1212
32 1 912
24 1 1403
25 1 60
27 1 676
28 1 1431
35 1 1335
36 1 937
20 1 502
28 1 1464
32 1 1136
32 1 839
27 1 743
18 1 1153
29 1 498
33 1 1070
31 1 515
31 1 459
38 1 1429
30 1 1213
28 1 505
29 1 1467
27 1 1468
21 1 986
28 1 569
27 1 1073
29 1 1310
24 1 1023
31 1 618
31 1 1137
25 1 774
27 1 1392
26 1 585
22 1 503
26 1 441
33 1 11
38 1 983
26 1 1466
30 1 313
31 1 1398
26 1 536
32 1 604
28 1 1245
30 1 1411
24 1 597
32 1 1254
39 1 1038
33 1 741
25 1 1258
31 1 1014
26 1 1231
27 1 989
29 1 1278
36 1 1114
26 1 1455
33 1 1482
20 1 917
28 1 331
38 1 601
27 1 1126
20 1 1157
27 1 538
33 1 404
29 1 712
31 1 1198
30 1 294
35 1 773
36 1 224
25 1 457
30 1 1102
29 1 509
34 1 1152
43 1 1030
30 1 504
30 1 828
23 1 1242
27 1 1095
31 1 1341
31 1 699
31 1 1383
28 1 1339
45 1 540
33 1 758
25 1 659
28 1 268
28 1 79
26 1 696
28 1 1490
22 1 1276
26 1 808
36 1 746
21 1 121
31 1 1031
26 1 20
29 1 1014
32 1 1167
36 1 522
27 1 1413
33 1 1074
27 1 291
30 1 195
35 1 516
29 1 1351
31 1 1300
30 1 704
28 1 1109
23 1 848
24 1 766
36 1 1339
29 1 1470
23 1 396
28 1 954
33 1 526
41 1 605
39 1 740
35 1 814
27 1 336
24 1 289
30 1 1164
27 1 736
35 1 128
29 1 309
21 1 1175
24 1 932
19 1 1311
31 1 1039
29 1 1215
27 1 1123
31 1 1046
30 1 297
26 1 403
29 1 1429
29 1 1030
21 1 570
23 1 1161
33 1 1377
27 1 1335
19 1 373
30 1 1137
27 1 740
35 1 1242
24 1 1115
35 1 541
34 1 17
37 1 1114
23 1 1147
21 1 903
31 1 778
27 1 803
32 1 398
35 1 773
38 1 969
34 1 1405
34 1 1277
31 1 848
24 1 846
33 1 100
22 1 375
28 1 565
31 1 679
30 1 1057
23 1 513
25 1 784
29 1 1156
31 1 684
26 1 1461
28 1 1252
39 1 527
32 1 889
28 1 734
34 1 365
23 1 920
28 1 1019
37 1 905
33 1 1159
30 1 1368
30 1 458
25 1 593
32 1 1306
30 1 1322
29 1 1396
34 1 53
30 1 1088
27 1 747
28 1 454
30 1 1399
29 1 1222
28 1 1200
29 1 625
29 1 1329
27 1 982
30 1 927
25 1 538
37 1 600
24 1 1386
30 1 904
32 1 1099
38 1 1126
35 1 566
33 1 971
24 1 552
33 1 818
31 1 546
33 1 818
30 1 1402
27 1 910
28 1 742
20 1 663
28 1 1074
29 1 1168
21 1 1248
33 1 736
38 1 505
32 1 1090
30 1 270
26 1 1019
16 1 839
25 1 1124
37 1 1458
23 1 332
35 1 1370
39 1 1324
24 1 1243
40 1 928
30 1 622
27 1 731
22 1 1195
29 1 880
27 1 592
38 1 1409
33 1 1178
28 1 167
26 1 752
35 1 889
24 1 1031
28 1 70
33 1 403
26 1 549
31 1 1058
29 1 1325
27 1 1044
26 1 930
17 1 1162
41 1 1279
23 1 304
32 1 753
24 1 1003
29 1 574
28 1 805
28 1 193
15 1 1472
25 1 1107
33 1 1319
25 1 1124
24 1 1222
31 1 707
28 1 765
36 1 913
30 1 1268
38 1 1410
28 1 713
27 1 23
32 1 1000
18 1 128
31 1 1480
31 1 1133
19 1 1302
34 1 666
25 1 1401
34 1 850
25 1 1063
19 1 1302
24 1 1443
29 1 1374
36 1 538
34 1 1447
25 1 353
32 1 23
29 1 82
30 1 677
21 1 1224
28 1 174
25 1 985
30 1 605
39 1 1038
36 1 728
25 1 98
35 1 1063
30 1 824
32 1 860
33 1 983
30 1 901
33 1 864
30 1 454
22 1 1386
29 1 1454
37 1 645
28 1 1160
31 1 268
34 1 761
27 1 615
31 1 208
26 1 881
29 1 308
34 1 951
25 1 304
32 1 826
31 1 1390
31 1 248
31 1 1045
37 1 1070
33 1 122
33 1 1416
31 1 1054
29 1 1138
33 1 1465
29 1 1403
27 1 521
34 1 1413
20 1 716
24 1 40
34 1 1170
28 1 862
30 1 906
26 1 1266
26 1 429
31 1 1017
30 1 1490
37 1 685
30 1 672
32 1 867
36 1 746
29 1 1374
28 1 1307
30 1 1107
30 1 4
28 1 1293
34 1 530
35 1 696
32 1 1015
34 1 696
19 1 939
34 1 1475
26 1 870
27 1 1114
32 1 1416
31 1 1286
25 1 415
22 1 594
34 1 1173
37 1 824
25 1 849
22 1 1360
36 1 1223
32 1 278
23 1 1014
37 1 1322
31 1 146
35 1 505
34 1 1305
28 1 1485
25 1 219
33 1 871
28 1 905
25 1 1286
26 1 734
27 1 1034
31 1 1193
35 1 1070
17 1 1482
29 1 719
22 1 314
27 1 1233
29 1 924
33 1 1063
38 1 54
30 1 715
33 1 1279
32 1 843
24 1 63
37 1 654
27 1 1330
25 1 623
27 1 175
30 1 1177
35 1 1435
30 1 1240
23 1 747
34 1 1267
34 1 782
32 1 1441
30 1 1477
25 1 972
28 1 754
33 1 1105
29 1 1497
23 1 986
31 1 1166
29 1 617
26 1 1251
29 1 888
35 1 698
21 1 1480
30 1 1364
32 1 981
21 1 1133
38 1 908
31 1 245
27 1 1048
24 1 880
30 1 741
31 1 1372
23 1 800
32 1 79
32 1 1291
41 1 674
31 1 1462
34 1 739
27 1 740
27 1 1206
40 1 1495
31 1 1232
31 1 1364
43 1 592
26 1 1234
33 1 627
25 1 1391
19 1 1077
32 1 498
27 1 1040
28 1 1144
27 1 905
26 1 118
32 1 1019
35 1 276
34 1 196
31 1 860
19 1 951
27 1 983
37 1 564
30 1 1192
30 1 1424
29 1 936
31 1 745
33 1 703
30 1 1327
25 1 706
35 1 1022
31 1 885
27 1 1450
15 1 949
28 1 1024
31 1 1147
22 1 773
34 1 1181
23 1 666
30 1 1097
20 1 1459
25 1 654
35 1 1005
33 1 124
27 1 1022
22 1 529
36 1 1044
31 1 1336
25 1 402
31 1 1191
27 1 403
33 1 1196
21 1 1177
23 1 830
25 1 1350
27 1 726
35 1 628
28 1 1482
31 1 1376
20 1 577
29 1 682
35 1 1060
25 1 1493
32 1 1011
24 1 1084
23 1 1126
31 1 1247
17 1 1494
27 1 1215
35 1 1263
31 1 441
25 1 389
28 1 847
28 1 571
31 1 1067
17 1 737
22 1 1418
22 1 104
32 1 1057
33 1 1023
27 1 797
32 1 184
29 1 1222
34 1 225
23 1 968
27 1 667
30 1 1406
32 1 1162
30 1 737
31 1 765
26 1 691
27 1 1269
30 1 1234
31 1 651
25 1 917
28 1 1229
29 1 1387
32 1 1175
25 1 976
28 1 150
22 1 1026
12 1 761
26 1 1201
25 1 575
28 1 478
23 1 408
31 1 836
26 1 546
25 1 701
30 1 687
26 1 752
22 1 967
27 1 828
35 1 1002
24 1 610
32 1 1202
28 1 669
29 1 506
24 1 1393
33 1 629
22 1 1210
27 1 459
34 1 562
34 1 557
22 1 1329
34 1 1111
34 1 16
36 1 1212
32 1 847
29 1 1153
25 1 1262
23 1 655
25 1 1474
20 1 665
27 1 523
34 1 1061
31 1 65
19 1 1269
22 1 1252
27 1 1242
32 1 773
22 1 932
40 1 1161
22 1 678
33 1 1444
31 1 1366
29 1 1139
26 1 277
30 1 1479
30 1 1358
32 1 40
35 1 788
29 1 33
38 1 651
27 1 1046
21 1 396
32 1 1154
28 1 1213
34 1 1223
34 1 1338
30 1 938
30 1 1417
27 1 1488
30 1 833
37 1 1015
26 1 181
24 1 914
26 1 458
26 1 751
30 1 274
21 1 1230
25 1 503
34 1 840
38 1 347
21 1 1040
25 1 657
32 1 1476
36 1 1365
19 1 962
28 1 1012
28 1 1090
27 1 1337
35 1 1349
24 1 703
35 1 1056
32 1 1287
34 1 595
29 1 1020
29 1 969
35 1 738
34 1 71
32 1 943
24 1 685
33 1 1420
27 1 981
27 1 1390
34 1 301
31 1 367
32 1 520
34 1 1225
32 1 739
30 1 625
27 1 269
35 1 904
27 1 1374
38 1 532
29 1 1475
21 1 1396
25 1 1487
27 1 1190
28 1 1343
25 1 779
24 1 1195
34 1 478
24 1 1323
38 1 706
35 1 1051
26 1 1404
39 1 749
30 1 244
30 1 444
28 1 1330
25 1 69
22 1 443
35 1 1417
29 1 785
31 1 1158
35 1 825
32 1 1216
31 1 799
36 1 836
36 1 1486
31 1 525
30 1 1214
31 1 403
28 1 1206
20 1 1305
29 1 1098
39 1 537
26 1 1017
35 1 1020
36 1 1118
40 1 1098
33 1 1329
27 1 579
35 1 1237
33 1 1316
33 1 1217
27 1 26
35 1 681
28 1 1498
35 1 1161
30 1 1035
29 1 952
25 1 803
31 1 138
27 1 491
30 1 503
28 1 1470
33 1 706
33 1 1495
26 1 1134
28 1 1261
35 1 1277
22 1 1397
31 1 129
27 1 1427
34 1 1232
26 1 712
28 1 1404
27 1 523
29 1 1043
30 1 1419
28 1 748
35 1 1400
23 1 680
33 1 663
34 1 533
34 1 844
36 1 1215
29 1 1319
27 1 949
27 1 797
24 1 1424
28 1 612
29 1 536
33 1 844
22 1 1172
31 1 1239
29 1 1043
33 1 543
33 1 688
29 1 1336
20 1 732
31 1 1085
26 1 1259
28 1 635
26 1 130
32 1 1257
29 1 1363
29 1 237
25 1 805
34 1 1050
29 1 678
28 1 512
22 1 804
22 1 1404
30 1 1238
30 1 725
29 1 1416
25 1 1010
17 1 1023
32 1 1253
22 1 1022
22 1 1452
20 1 1243
27 1 1403
39 1 1075
35 1 1398
26 1 677
40 1 826
25 1 1257
31 1 75
30 1 1080
31 1 852
26 1 1184
36 1 1348
31 1 1069
23 1 1359
32 1 1343
36 1 1489
29 1 1227
30 1 1347
36 1 1389
33 1 1008
23 1 1451
34 1 837
32 1 1400
28 1 1414
26 1 1211
25 1 805
26 1 1298
31 1 1446
31 1 535
34 1 941
19 1 1051
30 1 1467
28 1 1159
35 1 1073
29 1 1408
23 1 781
36 1 353
23 1 749
27 1 1065
31 1 583
37 1 1336
27 1 545
30 1 1029
28 1 1490
29 1 1321
27 1 749
31 1 1159
34 1 403
25 1 953
34 1 199
25 1 690
26 1 1225
25 1 1379
32 1 733
30 1 328
28 1 592
31 1 51
28 1 1071
25 1 1149
29 1 83
28 1 1395
18 1 491
32 1 1395
31 1 213
37 1 879
33 1 1301
32 1 868
36 1 1432
45 1 824
35 1 1433
23 1 1158
27 1 1199
33 1 616
38 1 430
25 1 1027
37 1 417
31 1 521
25 1 1378
28 1 1457
22 1 1277
