1
^ Just an exact number, 1 
2246
^ Number of requirements in Level 1
6 4 4 6 6 6 6 4 2 3 6 6 6 6 6 4 1 1 4 4 4 6 6 4 6 6 4 1 6 6 6 6 4 6 6 3 6 6 6 6 6 6 6 6 1 3 6 6 4 4 6 6 4 1 3 5 6 6 6 1 6 6 6 6 6 6 6 4 4 4 6 6 6 6 4 4 7 4 7 4 6 4 6 4 6 4 6 3 4 1 1 6 6 4 4 4 3 4 1 1 1 1 1 1 3 7 4 4 6 2 6 4 4 4 4 4 3 6 6 4 4 6 6 4 5 1 4 4 3 1 4 4 1 6 4 6 4 6 6 6 6 6 6 6 6 6 6 6 4 4 4 6 4 4 4 4 5 4 4 4 4 4 6 6 5 4 1 4 6 4 4 6 5 4 3 6 6 6 6 4 6 1 6 4 6 6 6 6 6 6 4 6 6 6 6 6 6 6 6 4 4 3 3 1 4 4 4 4 5 4 6 6 6 4 6 4 3 6 2 2 6 3 6 6 1 7 6 6 6 6 3 6 6 6 6 6 7 5 4 2 3 3 6 6 6 6 6 6 6 6 4 6 6 4 4 3 4 1 1 1 4 1 6 6 4 4 4 4 1 6 1 4 3 6 4 4 4 6 6 6 1 6 6 6 1 1 1 6 6 3 6 6 4 1 4 5 5 4 6 3 5 1 1 3 6 4 6 3 6 6 6 3 4 6 6 6 4 6 4 3 3 4 7 4 6 6 6 5 6 4 6 6 4 6 6 4 3 4 4 6 6 6 5 6 3 3 4 4 4 6 6 4 4 6 6 5 6 4 6 6 5 6 6 3 3 1 4 1 1 4 4 4 6 4 2 2 4 4 2 1 4 4 6 6 1 4 4 5 6 3 4 4 4 2 2 4 4 7 1 6 7 3 6 4 5 1 4 4 4 4 6 6 6 6 6 4 6 4 4 6 4 5 6 6 4 3 6 6 4 5 6 6 4 4 2 4 6 6 5 6 6 6 4 4 3 6 4 4 4 6 4 3 6 6 4 4 4 4 6 6 6 6 6 6 6 1 6 6 6 5 1 4 4 6 6 6 4 6 6 6 4 6 4 3 6 6 6 1 6 1 6 6 6 4 6 6 6 4 3 4 6 6 6 6 6 6 6 4 4 4 3 1 6 4 4 6 4 6 4 4 6 6 6 3 4 3 4 6 6 5 4 4 4 4 4 6 6 4 6 6 6 4 6 4 6 4 4 6 6 4 1 6 2 6 4 6 6 6 6 6 6 6 3 6 6 6 6 6 6 6 6 6 6 6 6 4 4 6 6 6 1 3 4 4 4 4 3 6 6 4 4 4 6 6 4 6 1 4 6 3 6 6 6 6 6 5 5 6 4 1 6 4 6 6 4 3 7 6 4 4 4 4 6 3 3 1 6 4 4 6 6 6 4 4 6 1 4 6 6 6 6 6 6 1 4 6 1 6 6 4 6 1 6 6 4 4 4 6 6 6 6 4 4 2 6 6 4 4 1 1 6 4 4 4 4 4 4 4 6 6 6 4 6 6 3 6 4 6 6 4 2 4 1 4 3 3 6 6 3 4 4 4 6 4 4 4 6 6 4 6 6 6 1 3 4 4 4 6 6 5 3 6 6 6 6 4 4 6 4 6 6 6 6 6 6 6 4 4 1 6 4 1 6 6 6 6 6 6 6 6 6 4 6 4 6 3 3 1 4 4 4 6 6 4 1 6 4 4 6 6 6 4 6 5 6 3 6 5 6 3 4 4 6 6 6 6 6 6 4 6 4 3 1 4 4 3 4 6 4 6 6 4 4 4 6 3 6 3 1 1 6 6 4 4 4 6 6 1 4 6 1 1 6 3 1 2 6 6 4 1 3 2 4 4 1 1 1 4 6 6 3 6 1 1 6 6 1 6 6 4 6 6 6 6 6 6 6 4 4 6 4 6 4 6 6 5 6 6 4 6 6 6 6 6 4 6 6 6 6 6 6 6 6 6 6 6 4 6 6 6 4 4 4 6 4 4 4 4 4 1 6 4 6 1 6 6 4 6 3 6 6 6 6 4 4 6 6 6 6 6 6 6 6 6 6 6 6 6 6 4 3 6 6 6 6 4 4 6 6 6 3 3 6 4 4 6 4 4 4 6 6 3 4 6 6 6 6 6 4 4 4 4 4 6 6 6 4 6 6 6 3 6 6 3 4 4 4 6 6 6 6 6 4 6 6 4 6 6 6 6 5 6 6 3 5 4 4 4 6 4 4 4 4 4 4 6 4 6 6 6 4 6 1 6 6 6 6 6 6 1 6 3 3 3 4 6 1 3 3 6 5 1 4 6 4 4 6 4 6 4 6 4 6 6 6 6 6 6 6 1 6 4 7 4 6 5 4 2 4 1 3 6 6 6 4 6 6 4 6 6 4 6 6 3 4 6 6 6 1 6 1 6 4 6 3 4 4 3 2 3 6 4 4 6 4 4 6 6 6 6 6 6 6 6 6 6 4 6 6 4 4 6 6 4 4 4 4 4 4 6 6 4 4 1 3 6 4 4 4 6 4 6 6 4 2 1 6 4 4 4 2 6 6 4 4 6 6 6 6 6 4 4 4 1 4 6 4 3 6 4 6 6 4 4 6 4 4 6 6 4 5 6 6 6 6 6 6 6 6 4 4 6 4 6 6 6 6 3 6 4 6 5 6 5 4 4 3 3 6 6 4 4 6 4 4 6 6 6 2 6 4 6 6 6 1 6 6 6 4 4 6 6 1 4 6 7 6 4 3 4 4 3 4 4 6 6 1 4 6 4 6 6 5 5 4 4 4 4 4 6 6 4 4 6 3 4 6 6 6 6 6 6 1 6 6 4 4 1 6 5 4 6 6 6 4 4 4 4 4 4 1 4 4 4 4 4 4 6 4 6 6 5 4 6 6 4 6 4 4 6 6 4 6 6 6 6 6 6 6 3 6 4 6 6 6 6 6 6 6 6 4 6 6 4 6 6 6 6 3 4 6 4 6 6 6 6 6 4 6 5 6 6 6 6 6 6 6 6 5 6 6 6 6 6 6 6 6 6 6 6 6 6 6 4 6 4 1 4 4 4 6 6 6 5 6 6 6 6 6 6 6 6 4 1 6 4 6 6 6 5 6 4 5 5 4 6 5 6 4 6 3 6 4 3 6 6 4 6 6 6 1 4 4 6 6 4 6 4 6 4 6 6 6 6 6 6 2 4 4 4 2 6 6 6 4 6 4 6 6 6 6 6 6 6 4 3 6 4 6 6 6 6 6 6 6 6 6 6 6 6 6 3 3 6 4 3 6 4 6 5 6 6 4 4 6 6 1 1 6 6 6 6 6 6 6 6 6 2 6 6 6 4 1 4 4 4 4 3 4 4 4 6 6 6 6 4 4 4 6 4 4 4 4 4 4 4 4 6 4 6 4 4 4 4 6 6 4 4 3 4 4 3 6 6 6 4 5 4 4 6 4 4 4 4 6 4 4 6 6 6 6 6 6 6 6 1 6 6 6 2 6 6 6 6 6 6 6 6 6 6 3 6 6 6 4 6 6 6 6 3 6 4 6 6 6 6 6 6 6 6 6 3 4 6 4 7 3 6 6 4 6 4 4 6 6 6 4 4 3 4 4 4 3 4 6 5 4 1 4 4 4 6 6 6 6 6 3 6 4 6 2 3 6 3 4 4 4 6 6 6 6 6 6 2 6 6 6 4 6 6 6 6 6 4 5 4 3 3 6 6 6 6 6 6 4 6 6 6 4 4 1 4 6 6 4 6 1 6 4 4 2 4 4 4 4 4 4 5 6 6 6 6 4 6 4 6 6 1 6 4 6 4 6 6 6 6 4 3 4 6 4 4 6 6 3 6 4 1 1 6 1 4 6 4 3 4 4 6 3 4 6 6 4 6 5 6 6 3 6 6 6 6 6 6 3 6 4 6 6 5 6 2 6 4 7 2 6 6 4 6 4 3 6 1 6 4 4 4 4 4 4 4 4 4 4 6 6 6 6 6 6 6 6 3 6 6 6 6 6 4 6 6 6 6 4 4 6 4 4 4 6 6 6 6 4 6 4 6 4 6 6 6 6 4 2 1 3 1 2 6 6 6 2 1 6 6 6 6 4 6 6 6 6 6 4 6 4 4 4 6 6 6 6 4 6 6 1 6 6 6 6 6 6 4 4 6 5 4 6 6 6 6 6 4 6 6 4 6 1 4 2 6 4 4 6 6 6 6 4 6 6 6 4 4 7 6 6 6 2 3 4 1 1 4 6 6 4 6 6 1 2 2 6 6 5 6 6 6 6 6 6 6 6 4 6 6 6 6 6 4 4 6 6 6 6 4 4 1 1 4 6 6 4 4 7 6 6 4 2 4 4 4 6 4 4 6 4 4 6 6 4 6 4 4 6 6 6 5 6 4 4 6 6 6 6 6 6 4 6 4 4 6 6 4 6 4 4 6 6 6 6 6 6 6 6 6 1 4 6 1 4 6 6 4 6 6 6 5 6 6 6 1 6 1 4 3 4 4 6 6 4 6 6 6 6 6 1 6 6 3 4 6 6 4 6 6 4 5 6 3 6 4 3 1 6 6 1 6 4 1 3 4 4 4 4 1 4 6 4 4 4 4 6 6 4 5 1 6 6 6 1 4 1 4 1 6 1 7 6 6 6 4 4 6 4 4 4 6 4 4 6 6 4 4 3 6 2 4 6 6 1 4 4 4 4 6 4 4 3 4 4 1 6 4 4 6 3 4 4 4 1 6 4 6 3 4 6 4 4 4 6 3 1 3 4 6 6 4 4 6 4 6 6 6 6 3 4 6 4 4 4 4 4 6 6 4 6 4 4 6 6 6 6 1 6 6 1 6 4 1 6 1 4 4 1 6 4 3 4 4 4 6 4 4 6 4 6 6 6 6 4 6 4 6 5 5 1 4 6 6 6 4 6 7 4 4 4 1 6 6 6 4 6 4 4 6 4 3 4 2 6 2 2 6 4 4 4 6 4 2 5 6 6 6 6 6 4 6 6 6 2 6 6 6 5 6 6 6 6 6 6 6 6 6 4 6 
^ Costs of requirements in Level 1 (the number is 2246)
0
^ Just an exact number, 0 
294
^ Number of customers
35 8 1 79 295 513 514 535 971 1736 
^ Profit of Customer1 (35)	Number of requests by Customer1 (8)	Requirements List (1 79 295 513 514 535 971 1736)
32 10 2 484 756 994 995 1795 1796 1817 2113 2185 
^ Profit of Customer2 (32)	Number of requests by Customer2 (10)	Requirements List (2 484 756 994 995 1795 1796 1817 2113 2185)
18 5 3 209 561 714 2136 
^ Profit of Customer3 (18)	Number of requests by Customer3 (5)	Requirements List (3 209 561 714 2136)
39 18 4 6 32 93 128 264 603 783 786 992 1012 1030 1213 1217 1325 1423 1780 2016 
32 9 5 632 868 1221 1294 1295 1377 1562 1628 
34 7 7 675 790 807 877 2138 2186 
29 5 8 75 1819 2107 2139 
25 6 9 530 612 1152 1672 1905 
23 10 10 97 222 757 767 768 898 986 1054 1188 
45 8 11 834 1014 1082 1291 1410 1956 1957 
39 6 12 604 725 1076 1154 1558 
24 6 13 292 641 642 643 1806 
24 6 14 15 230 233 283 284 
29 18 16 86 137 166 226 317 416 418 789 973 1017 1083 1158 1204 1223 1407 1889 2061 
31 5 17 255 739 760 1110 
27 8 18 54 1001 1007 1011 1065 1157 1448 
22 6 19 84 422 506 637 1657 
36 6 20 378 795 796 1608 1609 
34 14 21 457 758 782 896 976 1070 1129 1287 1321 1477 1478 1784 2110 
23 10 21 156 1202 1293 1477 1478 1488 1593 1718 1890 
24 14 22 169 176 178 232 280 307 326 342 1236 1242 1783 1985 1994 
37 19 23 24 336 409 501 674 788 799 869 1219 1252 1284 1431 1559 1603 1874 1875 1959 2028 
25 14 25 272 645 849 901 987 1169 1222 1409 1503 1734 1924 1952 2053 
42 5 26 182 831 1020 1074 
30 20 27 95 112 174 254 263 290 313 499 610 819 953 967 1013 1031 1209 1374 1597 1764 2188 
26 7 28 154 380 402 1171 1895 2013 
33 11 29 129 480 680 858 1485 1789 1958 2021 2033 2209 
25 5 30 234 963 1019 1268 
38 5 31 74 305 489 1346 
33 11 33 155 352 1050 1054 1621 1629 1683 1737 1944 1945 
29 8 34 190 228 373 708 1405 1482 2114 
28 8 35 48 119 774 1069 1162 1717 2051 
33 20 36 251 387 592 738 765 907 1128 1229 1367 1673 1847 1971 2029 2042 2044 2045 2047 2052 2076 
29 7 37 45 113 114 585 586 2056 
25 10 38 39 40 41 42 43 881 1339 1509 1986 
29 20 44 52 235 294 300 424 441 442 608 635 867 926 1290 1328 1419 1681 1693 1716 1832 2198 
24 6 46 426 477 509 510 655 
25 5 47 559 1408 1624 1625 
30 15 49 106 170 370 371 372 738 759 833 835 836 837 1170 1613 2017 
34 8 50 68 69 1536 2080 2083 2084 2098 
30 5 51 984 985 1341 1365 
36 13 53 936 1001 1007 1399 2019 2032 2042 2044 2045 2047 2076 2135 
32 5 55 1038 1052 1086 1135 
29 5 56 518 1128 1255 1266 
29 6 57 346 348 349 693 1411 
30 9 58 77 122 123 236 428 787 1836 2147 
19 10 59 173 656 1033 1119 1643 1647 1648 1910 1913 
27 8 60 1005 1092 1093 1234 2100 2102 2188 
20 10 61 959 974 996 997 998 1000 1002 1004 1089 
27 9 62 63 64 65 66 67 1911 2151 2155 
21 9 70 347 492 662 1035 1056 1192 1234 1837 
36 20 71 162 456 550 563 808 892 907 1120 1406 1470 1725 1797 1891 1907 1965 1984 2068 2132 2147 
34 5 72 73 1043 1044 1045 
27 13 76 210 275 458 615 690 953 967 975 1298 1366 1418 1733 
26 6 78 80 81 1324 2164 2216 
34 13 82 433 434 717 720 752 887 1079 1197 1198 1755 1756 1947 
31 7 83 184 793 1243 1244 1671 1970 
36 6 85 309 375 379 511 757 
32 18 85 363 388 717 947 1068 1116 1122 1159 1191 1298 1566 1573 1833 1880 1882 1921 2194 
28 5 87 1108 1296 1373 2224 
29 8 88 90 794 1264 1712 1816 1818 1942 
27 9 89 219 220 269 271 277 781 791 1238 
28 13 91 1686 1893 1955 1987 2101 2154 2157 2160 2162 2213 2220 2231 
26 11 92 569 570 571 572 573 574 596 658 660 661 
29 7 94 393 394 395 481 1412 1702 
31 13 96 219 220 780 792 909 1220 1286 1644 1815 1835 2030 2100 
27 13 98 171 271 301 519 544 650 863 1204 1329 1665 2137 2222 
30 7 99 100 101 102 103 104 105 
28 7 107 425 617 861 1428 1474 1575 
27 5 108 904 952 1349 1639 
35 20 109 463 480 486 522 982 1046 1130 1132 1133 1250 1331 1449 1548 1843 2095 2172 2175 2218 2223 
28 8 110 390 716 1231 1418 2005 2176 2221 
36 5 111 183 432 594 1922 
25 18 115 117 120 164 312 454 948 949 1150 1205 1327 1444 1472 1741 1923 2038 2126 2226 
24 7 116 121 132 532 804 1140 1269 
30 9 118 357 359 579 697 865 1039 1041 1121 
38 15 124 126 127 128 130 180 392 590 672 673 676 844 866 1036 1429 
31 13 125 201 336 633 634 715 1228 1240 1700 1991 2111 2187 2195 
24 10 131 393 547 974 1042 1089 1430 1800 1940 2085 
34 7 133 709 713 716 809 810 2039 
38 5 134 475 1146 2003 2014 
20 7 135 200 386 609 1190 1195 1473 
28 11 136 365 584 622 704 840 941 1241 1274 1670 1936 
32 14 138 139 140 141 142 143 144 145 146 147 148 211 212 213 
27 5 149 207 214 483 1126 
27 6 150 151 155 206 208 1095 
37 15 152 202 308 370 371 372 444 472 841 931 1163 1267 1869 1998 2208 
31 15 153 659 820 827 828 857 1318 1569 1601 1860 1868 1876 1878 2048 2133 
38 5 153 297 303 754 1223 
38 6 156 776 1253 1256 1321 1890 
39 8 157 158 407 408 1114 1144 1966 2177 
27 6 159 431 436 1591 1676 1749 
33 13 160 161 330 338 339 419 494 520 576 1968 2062 2196 2197 
33 9 163 185 437 523 1421 1436 1491 1583 1842 
28 7 165 167 508 1148 1621 1864 2135 
27 10 168 237 238 239 592 663 991 1277 1310 1699 
25 8 172 556 2021 2070 2071 2072 2225 2234 
33 5 175 664 1682 1684 1685 
27 5 176 366 368 369 1655 
36 12 177 267 347 553 555 1087 1337 1390 1393 1394 1397 1895 
41 20 179 253 299 344 355 549 575 860 911 951 1006 1021 1265 1502 1518 1535 1577 1626 1962 2152 
29 11 181 800 972 1161 1173 1300 1484 1530 1663 1666 1972 
30 8 186 218 362 364 548 882 1063 1143 
22 10 187 199 217 256 384 487 526 529 801 1960 
26 6 188 192 193 194 195 196 
34 11 189 440 453 723 1099 1380 1525 1579 1757 1896 2009 
23 5 191 1338 1571 1729 1885 
25 7 197 198 921 999 1016 1379 1730 
24 5 203 850 1495 1496 1618 
37 13 203 400 546 885 937 1003 1226 1687 1759 1786 1968 2148 2197 
22 11 204 301 519 551 597 650 1141 1329 1363 1664 1745 
27 11 205 396 397 705 806 1420 1619 1695 1873 2105 2173 
29 5 215 413 588 618 922 
31 8 216 276 304 645 875 893 1416 1693 
30 5 221 329 331 332 1091 
25 5 222 685 767 1368 1930 
39 12 223 1090 1159 1166 1167 1531 1707 1708 1870 2141 2183 2204 
36 15 224 244 248 249 250 252 501 539 540 552 651 891 1067 1142 1652 
24 7 225 350 466 525 538 1189 1770 
22 5 227 521 557 823 1077 
26 7 229 291 340 341 1034 1239 1257 
32 13 231 268 606 644 706 832 994 1200 1437 1578 1721 2077 2087 
33 13 240 241 242 563 625 626 944 1053 1096 1532 1799 2060 2144 
33 13 243 274 515 528 568 1191 1439 1630 1782 1808 1943 2022 2023 
26 6 245 246 247 648 1319 2096 
30 13 257 265 333 443 498 500 813 814 815 1289 1312 1837 2092 
25 9 258 259 260 262 281 285 286 287 471 
29 8 261 451 1465 1988 2033 2041 2043 2119 
36 8 266 296 328 406 512 1263 1829 1857 
19 15 267 392 446 505 590 595 863 1208 1410 1415 1680 1827 1886 1935 2202 
33 13 270 288 289 476 478 479 495 496 497 623 740 918 1009 
33 12 273 591 593 598 616 1127 1201 1277 1286 1488 1592 2116 
19 6 278 279 1297 1865 1872 1989 
38 9 282 310 311 327 414 1386 1398 1404 1627 
37 5 293 404 405 607 761 
27 8 298 356 429 430 455 930 2184 2246 
26 6 302 343 351 657 1637 1738 
29 9 306 693 1164 1292 1332 1612 1960 2101 2115 
33 7 308 337 1434 1816 1818 1888 1899 
34 5 314 315 589 2161 2200 
27 13 316 560 943 1137 1208 1251 1254 1453 1633 1689 2025 2026 2031 
35 15 318 399 490 614 627 689 830 1172 1259 1323 1427 1447 1720 1881 2079 
31 7 319 320 321 322 1192 1368 1369 
31 6 323 398 401 695 1022 1029 
29 8 324 1110 1446 1858 1941 1951 2064 2235 
23 10 325 415 575 911 913 1021 1098 1866 1898 1903 
27 5 330 419 1038 1111 1977 
37 5 334 383 730 888 1097 
28 5 335 389 908 970 1438 
28 17 345 356 358 378 430 473 695 696 699 742 797 1403 1560 1840 1946 2092 2118 
31 7 353 374 377 577 652 1614 2005 
16 13 354 355 403 411 412 679 719 1376 1441 2010 2012 2177 2189 
25 9 360 1435 1556 1588 1900 1990 2008 2024 2159 
28 6 361 381 382 838 1299 2227 
41 6 366 368 369 385 1136 2067 
27 16 367 722 899 902 935 1124 1125 1468 1605 1680 1709 1719 1844 2011 2091 2165 
31 9 375 376 379 391 1631 1901 1902 2051 2210 
29 6 380 1015 1926 1927 1973 1974 
34 5 391 582 691 1677 1679 
28 6 394 395 591 1894 2213 2220 
36 10 410 587 646 775 798 1187 1534 1937 2006 2007 
33 5 410 1369 1883 2006 2007 
24 6 413 439 445 554 1445 1446 
29 16 417 451 611 870 876 1518 1520 1565 1641 1642 1760 1765 1886 2119 2152 2241 
36 7 417 925 932 1450 1615 2055 2073 
33 7 420 905 923 1337 1887 2020 2050 
27 18 421 452 485 578 602 607 989 990 1051 1193 1225 1303 1557 1572 1584 1906 1983 2049 
28 9 422 583 843 1060 1081 1237 1464 2174 2215 
28 5 423 1342 1343 1344 1347 
35 6 427 613 1904 2035 2036 2206 
34 5 435 581 1215 1330 1892 
34 5 438 979 980 1218 1668 
30 8 447 448 449 517 531 533 1669 1672 
25 8 450 459 460 461 462 464 934 1909 
30 5 458 470 617 778 1520 
24 5 465 468 469 816 817 
32 6 467 874 1078 1659 1662 1785 
31 8 474 1184 1216 1362 1414 1533 1753 2078 
24 9 482 688 924 1326 1371 1440 1564 1638 1762 
36 5 488 1807 1809 1814 1838 
32 13 491 1350 1351 1352 1353 1354 1355 1356 1357 1358 1359 1360 1361 
35 5 493 1037 1047 1811 1812 
28 5 502 599 1109 2121 2156 
30 7 503 504 1574 1830 1831 1919 1950 
24 7 507 545 1696 1697 1706 1810 1813 
32 5 513 514 535 2149 2201 
30 9 516 1186 1387 1581 1801 1804 1949 2018 2127 
35 5 524 1028 1634 1636 2212 
26 5 527 530 612 1152 1224 
31 6 534 1529 1595 1675 1766 1951 
34 5 536 537 543 1705 1841 
21 9 541 818 821 822 824 825 826 1383 1384 
34 13 542 667 668 669 670 678 687 692 694 700 701 702 1196 
25 14 542 667 668 669 670 678 687 692 700 701 702 714 1442 1799 
33 5 549 638 771 772 1235 
31 8 558 1385 1481 1483 1598 1599 1861 1932 
28 7 562 1375 1550 1551 1552 1553 1555 
28 8 564 565 762 763 773 910 1147 1820 
36 5 566 766 1432 1433 2103 
25 8 567 912 1258 1480 1826 1828 1853 1925 
34 5 580 640 1010 1018 1030 
30 5 595 947 960 1424 1622 
31 5 600 859 995 1026 1215 
33 6 601 764 1080 1194 1487 1537 
26 6 605 737 1075 1437 1726 2027 
33 12 619 721 829 904 1168 1632 1715 1775 2002 2163 2170 2176 
28 19 620 621 803 897 977 1151 1523 1528 1747 1798 1897 1953 1954 2167 2169 2171 2181 2217 2219 
38 6 624 1270 1271 1280 1281 1698 
35 10 628 629 1728 1754 1768 1769 1771 1772 1773 1774 
31 7 630 631 665 671 684 753 940 
27 6 636 842 846 847 1654 1656 
37 8 639 724 833 837 942 993 1032 1206 
30 12 647 1113 1401 1462 1463 1466 1658 1761 1763 1939 2037 2055 
30 6 649 666 779 1174 1372 1640 
27 5 653 654 845 1094 1667 
34 6 677 805 961 962 1156 1378 
31 9 681 683 749 750 751 769 770 784 785 
40 7 682 895 1040 1501 1547 1635 1987 
28 6 686 1185 1207 1475 1479 2203 
31 9 698 1230 1580 1582 1750 1879 1928 1929 1934 
30 6 703 755 1417 1778 1781 1793 
36 6 707 880 886 889 894 2229 
32 5 710 711 748 1104 1203 
35 5 712 1214 1227 1505 2086 
30 5 718 1821 1822 1825 1856 
20 20 726 727 729 741 1181 1245 1246 1247 1248 1249 1285 1600 1602 1607 1610 1611 1714 1724 1961 2131 
32 19 728 945 1055 1057 1072 1100 1145 1211 1594 1616 1617 1620 1674 1788 1790 1839 1920 1921 2075 
28 6 731 732 733 734 735 736 
33 5 743 744 745 746 747 
16 8 777 1301 1471 1803 1908 1969 2058 2059 
36 14 802 1528 1611 1854 1867 1897 1948 1953 1954 2104 2128 2131 2167 2171 
31 5 811 812 919 920 2117 
32 5 829 988 1008 1035 2207 
34 11 839 1645 1646 1678 1701 1703 2089 2090 2158 2228 2230 
28 5 848 1735 1739 1871 2043 
23 5 851 852 853 855 2191 
27 7 854 1426 1476 1486 1489 1660 1661 
29 6 856 864 878 933 1232 1526 
30 5 862 890 1084 1199 1751 
29 6 871 872 873 879 906 1210 
31 11 883 884 938 939 954 956 957 958 964 965 966 
25 13 895 948 949 961 962 1231 1593 1752 1815 1823 1824 1855 1871 
37 8 900 1117 1118 1138 1139 1153 1275 1413 
31 7 903 916 1304 1306 1307 1308 1320 
33 8 914 915 1160 1180 1183 1338 1884 2088 
31 6 917 955 1155 1443 1549 1794 
37 6 927 928 929 946 1744 2166 
30 7 950 1112 1272 1746 1758 1827 1918 
32 7 968 969 978 981 1048 1073 1149 
34 5 983 1284 1340 1345 1976 
21 6 1022 1023 1024 1027 1028 1029 
29 10 1025 1123 1510 1511 1512 1514 1515 1516 1517 1521 
31 6 1049 1787 1791 1915 2232 2233 
26 6 1058 1059 1061 1062 1064 1071 
29 5 1066 1402 1425 1469 1490 
33 5 1085 1088 2122 2123 2124 
31 6 1101 1102 1103 1105 1106 1182 
30 5 1107 1722 1723 1725 1727 
29 5 1115 1155 1160 1183 1688 
31 8 1131 1134 1596 1805 2004 2168 2231 2245 
30 5 1165 1561 1563 1846 1859 
31 5 1175 1176 1177 1178 1179 
23 5 1202 1273 1392 1554 1560 
36 5 1212 1364 1395 1504 2034 
27 6 1233 1370 1767 1933 1938 2205 
26 6 1237 1302 1683 2120 2125 2192 
37 5 1260 1261 1262 2145 2193 
31 5 1276 1278 1279 1282 1283 
29 5 1288 1381 1396 1422 2153 
27 5 1305 1493 1691 1710 1967 
32 8 1309 1311 1317 1388 1743 1748 1862 1863 
34 5 1313 1314 1315 1316 1333 
29 6 1322 1400 1576 1649 1650 1651 
27 7 1334 1335 1336 1348 1382 1389 1391 
27 10 1451 1452 1454 1455 1456 1457 1458 1459 1460 1461 
31 6 1467 1704 1713 1731 1732 1792 
26 15 1492 1494 1497 1498 1499 1500 1501 1506 1507 1508 1513 1519 1522 1524 1527 
35 14 1492 1494 1497 1498 1499 1500 1506 1507 1508 1513 1519 1522 1524 1527 
29 9 1538 1539 1541 1542 1543 1544 1545 1546 1711 
27 5 1540 1653 1802 2054 2130 
34 9 1566 1567 1568 1570 1585 1586 1587 1589 1590 
35 5 1604 1623 1690 1692 1694 
29 7 1606 1740 1742 1916 1917 1931 1975 
22 7 1776 1777 1779 1834 1877 1912 2082 
26 5 1807 1809 1838 1914 2099 
31 6 1845 1848 1849 1850 1851 1852 
33 5 1963 1964 2015 2190 2199 
21 13 1978 1979 1980 1981 1982 2066 2178 2179 2180 2211 2242 2243 2244 
19 8 1992 1993 1995 1996 1997 1999 2000 2001 
28 6 2040 2046 2057 2061 2063 2065 
37 9 2069 2074 2081 2106 2112 2134 2150 2182 2214 
22 6 2093 2094 2097 2104 2128 2129 
15 6 2108 2109 2140 2142 2143 2146 
36 5 2236 2237 2238 2239 2240 
^ Profit of Customer294 (36)	Number of requests by Customer294 (5)	Requirements List (2236 2237 2238 2239 2240)
