1
2690
6 6 6 6 6 6 4 4 6 6 4 5 4 6 4 6 3 6 6 3 4 4 6 6 3 6 6 6 6 5 4 4 6 6 6 6 6 6 3 3 3 6 4 6 6 6 6 6 4 4 6 4 6 4 6 6 6 6 4 6 6 6 6 4 4 4 5 6 4 6 6 6 6 6 4 4 6 6 6 4 6 6 1 6 6 6 6 4 4 1 6 6 6 6 6 6 6 6 6 6 6 6 6 4 6 6 4 6 1 4 3 4 4 6 4 6 6 6 4 6 6 4 3 4 1 3 6 6 6 6 6 6 4 6 6 6 6 1 6 3 6 6 6 4 7 6 4 6 4 6 6 6 1 7 6 6 6 4 6 4 6 4 6 4 6 4 6 1 6 4 1 6 1 3 4 6 6 6 6 6 6 6 4 6 6 1 6 6 6 3 3 4 6 4 4 6 4 4 6 4 6 4 6 6 6 3 4 6 6 6 6 3 6 6 6 4 3 3 3 3 6 6 6 6 4 6 6 1 6 4 6 6 6 4 4 7 4 1 6 6 4 6 4 1 3 4 6 6 4 6 6 6 4 6 3 4 4 6 6 4 6 5 6 6 4 6 6 4 6 6 6 4 6 6 6 4 1 6 6 3 6 6 6 6 6 1 4 6 6 6 6 6 6 4 4 4 4 4 4 4 6 6 1 6 6 4 6 5 6 6 6 2 6 4 6 5 4 4 6 3 4 4 6 6 6 3 3 6 6 6 6 6 4 5 3 6 4 6 4 4 4 4 6 6 4 6 4 5 4 4 1 6 6 1 6 6 4 6 4 4 6 6 4 6 6 6 1 4 1 4 3 6 1 6 6 6 6 3 6 6 6 6 6 4 6 4 5 4 4 4 4 6 6 6 6 1 6 5 6 4 6 4 6 4 6 6 6 6 1 6 6 6 6 3 3 4 6 6 5 6 1 6 6 4 6 6 4 4 6 7 6 6 6 6 6 1 6 6 3 4 5 6 6 6 4 7 3 6 6 6 6 6 6 6 6 4 6 4 6 6 6 6 6 6 6 6 6 6 3 6 6 4 6 6 4 6 6 6 1 2 3 1 4 4 6 1 6 6 6 1 6 6 6 6 6 3 6 7 6 6 6 1 6 1 6 1 4 1 6 6 6 4 6 6 4 3 6 6 6 1 6 6 1 1 1 4 4 6 6 6 6 6 6 6 4 6 6 4 4 4 4 3 4 6 4 6 6 6 6 6 6 6 6 6 6 6 6 6 6 6 6 6 6 6 6 3 1 6 3 6 6 6 6 6 6 4 6 6 6 6 4 6 4 4 4 6 6 5 6 6 6 6 3 6 3 2 6 4 5 6 6 6 3 6 1 4 1 4 1 6 6 6 4 4 6 6 6 6 6 6 6 6 6 6 6 1 1 6 4 7 6 4 7 6 6 4 3 4 6 6 6 6 4 1 3 6 6 6 6 6 6 6 6 6 6 6 4 6 1 6 6 6 6 4 6 4 6 4 4 4 6 1 4 6 6 6 6 6 6 6 4 6 6 6 6 6 4 6 6 4 2 6 6 6 4 6 5 4 6 6 6 6 6 6 6 2 4 1 6 6 6 6 6 6 5 7 1 4 4 6 6 6 6 4 6 6 6 4 6 6 5 6 4 6 6 6 6 6 6 6 6 6 4 1 6 3 6 7 6 6 6 4 6 6 6 6 2 1 4 6 3 4 6 5 4 4 4 4 4 6 4 6 6 1 6 6 6 6 4 4 6 6 6 2 6 4 6 4 6 6 4 6 6 6 6 6 6 6 6 4 6 1 1 3 2 6 3 6 6 4 4 3 4 6 4 4 3 3 4 1 6 4 6 6 4 6 6 6 4 6 1 6 6 6 4 6 4 3 4 4 3 6 6 4 6 6 6 6 3 6 6 6 4 6 6 4 4 4 4 4 7 6 6 6 6 6 6 6 6 6 6 4 4 4 6 1 6 1 6 4 6 1 6 4 6 4 6 6 6 6 3 6 6 3 6 6 4 6 1 1 4 4 4 6 6 6 4 6 6 6 6 6 6 6 3 6 6 6 6 1 4 4 1 1 6 4 6 4 6 6 6 6 6 6 6 6 6 4 5 4 6 6 6 6 6 6 4 3 6 6 5 6 4 6 6 4 6 6 4 4 6 6 6 4 4 6 6 6 6 6 6 6 4 6 6 6 6 4 5 6 4 4 4 4 4 6 5 2 6 6 4 4 4 4 6 4 3 4 3 6 4 5 3 4 1 6 6 3 5 3 4 4 6 6 6 4 6 6 3 4 6 6 6 1 1 1 6 6 6 6 6 4 1 4 1 1 4 6 1 4 4 1 4 3 6 6 6 6 6 4 4 6 4 6 6 4 6 6 6 6 6 5 6 6 6 6 6 6 4 6 6 6 4 4 6 6 3 6 6 6 6 6 6 4 5 4 1 4 4 4 6 4 6 6 1 6 6 3 6 6 6 1 4 6 6 6 6 4 4 6 6 6 6 4 6 6 6 4 6 3 4 6 1 1 6 6 6 6 7 6 4 1 6 6 6 6 4 6 6 6 6 6 6 6 4 6 3 6 6 6 1 6 6 6 6 6 6 6 4 6 6 6 6 6 4 5 3 1 6 6 4 6 4 3 6 6 6 6 4 6 6 6 3 6 4 4 1 4 4 4 6 2 4 6 6 6 5 4 4 5 6 4 3 3 3 3 3 4 2 6 1 6 2 4 7 4 4 6 6 6 6 6 6 3 4 4 4 4 4 5 4 4 3 6 6 4 6 4 4 6 6 6 4 6 6 6 6 3 6 4 7 7 1 2 4 7 6 4 6 6 6 2 6 7 6 6 6 6 1 4 6 4 6 6 7 3 6 6 4 4 4 6 1 4 6 4 5 4 4 4 4 6 6 6 6 6 6 6 6 4 4 6 4 4 4 1 7 6 4 1 6 6 6 6 6 6 6 6 6 6 4 6 4 4 6 6 1 3 6 6 6 6 6 6 6 4 4 6 6 6 4 4 6 3 4 4 6 6 4 1 6 5 6 6 6 4 6 6 6 7 6 6 6 6 6 4 6 4 6 6 1 3 4 6 6 1 6 6 6 6 6 6 6 6 6 6 4 6 6 5 4 3 4 4 6 6 1 7 1 1 4 1 4 6 4 6 6 2 6 1 6 6 6 6 6 6 2 6 1 4 5 6 6 6 1 6 1 6 6 4 6 1 6 6 1 6 3 6 4 6 6 1 6 4 6 4 1 4 6 4 6 1 6 4 1 4 6 4 6 4 6 6 6 2 1 4 6 4 6 6 4 6 6 6 6 6 6 6 6 4 6 6 6 6 6 6 6 6 6 4 6 6 6 4 6 1 6 3 6 1 6 6 6 6 6 5 5 1 4 6 6 6 6 6 6 6 6 6 6 4 3 4 6 3 1 6 4 4 6 4 6 6 4 6 6 4 4 3 4 4 6 4 6 6 6 6 6 1 4 6 4 4 3 4 6 6 6 6 6 1 6 6 6 6 2 3 6 6 6 6 6 1 4 6 6 6 6 6 6 6 6 4 4 6 4 6 3 3 6 6 6 6 6 6 3 1 6 1 6 6 4 6 6 4 6 4 4 4 4 4 6 3 1 4 6 4 6 1 6 6 1 6 6 4 4 4 4 6 4 6 6 4 6 6 6 6 1 4 6 6 6 6 4 6 6 4 6 6 6 6 6 6 6 4 6 6 4 1 4 6 3 4 6 6 4 6 4 4 6 6 5 6 4 6 6 6 6 3 6 4 4 6 6 4 6 6 6 6 6 6 6 4 6 4 6 6 6 6 6 6 5 3 4 4 1 6 6 6 1 1 3 6 6 6 4 4 6 6 4 6 4 4 1 6 4 6 6 4 6 6 6 4 6 6 2 6 6 1 5 6 6 1 6 6 6 1 1 6 6 6 6 6 6 6 6 6 6 6 6 4 4 6 6 6 6 6 6 4 6 6 6 4 3 4 4 6 6 1 4 6 6 6 6 1 6 4 6 5 6 5 4 4 4 6 4 6 6 4 6 4 6 4 6 3 3 3 6 6 1 6 4 6 6 1 6 6 4 6 6 6 6 6 4 6 6 4 6 6 6 6 6 6 4 6 4 6 4 4 6 6 6 6 6 6 6 6 3 6 6 6 6 6 6 6 6 6 5 3 5 5 4 1 3 6 6 6 6 6 2 5 4 1 6 4 1 4 6 4 6 4 6 6 6 6 6 6 6 4 6 4 6 6 4 3 1 4 4 4 3 6 6 6 6 3 6 4 4 3 6 6 6 6 4 6 6 6 6 6 6 4 4 4 4 6 1 6 6 4 6 3 6 6 6 6 6 6 6 6 6 6 1 4 4 6 1 1 1 6 4 4 4 6 6 6 6 3 6 6 4 4 6 2 4 6 4 4 1 1 6 1 6 6 4 4 4 6 6 1 1 5 4 6 6 6 6 6 6 6 6 6 6 6 6 6 4 6 6 6 3 1 6 4 6 4 6 4 4 6 6 6 1 4 1 6 6 6 6 6 1 4 6 4 6 6 4 3 4 6 6 6 6 6 6 6 6 6 3 6 4 3 4 6 1 4 6 6 4 4 3 6 6 6 6 6 5 6 6 6 6 6 6 6 3 6 1 6 6 6 1 6 6 4 6 6 6 6 6 6 6 6 7 6 6 4 6 6 1 6 4 4 5 4 4 6 6 4 6 6 6 3 6 6 5 3 6 6 6 6 6 6 6 6 6 5 6 6 6 6 6 6 6 6 4 6 6 6 6 6 6 6 1 6 1 6 3 6 6 6 6 6 6 4 1 6 4 1 6 6 6 6 6 6 6 4 6 6 6 6 6 3 4 3 6 6 6 4 6 4 5 6 5 4 6 4 6 1 5 4 6 6 6 4 6 4 4 4 6 4 6 5 6 6 6 3 4 6 4 4 7 6 6 6 6 6 4 6 6 6 4 4 3 1 3 4 4 3 4 3 6 6 6 6 4 6 6 6 6 4 7 6 4 4 6 6 6 7 6 1 4 6 6 6 6 6 6 6 6 6 3 6 6 6 6 6 6 6 6 6 6 6 4 5 4 6 6 6 6 6 1 6 1 6 6 6 6 4 6 6 6 6 6 1 6 1 6 4 1 4 1 6 2 1 6 6 1 6 5 6 6 6 6 6 6 6 6 6 6 6 4 6 6 4 6 6 6 6 6 6 6 6 6 6 4 4 5 5 7 4 6 6 6 6 6 6 6 6 4 6 3 3 6 6 6 6 7 6 6 6 6 3 4 1 4 4 4 6 6 4 6 6 5 4 6 4 6 6 6 6 6 6 6 6 6 6 4 6 3 6 6 3 1 4 4 4 6 6 6 4 6 6 6 4 1 6 6 4 4 1 1 5 5 4 6 6 4 4 4 1 6 3 6 7 6 4 6 6 4 6 6 3 6 6 6 4 3 4 6 6 4 6 1 1 6 6 6 4 4 6 1 3 4 4 4 6 6 6 6 2 6 1 6 4 6 3 6 6 6 1 3 4 5 3 3 6 3 1 6 6 6 6 6 6 6 6 1 1 6 2 2 2 6 6 1 6 4 6 6 2 6 6 3 4 6 4 4 6 6 6 6 6 6 6 6 6 4 6 4 6 7 6 6 6 6 6 6 4 4 4 6 2 6 3 4 4 4 4 4 4 4 4 4 2 4 3 4 5 4 5 3 6 6 4 2 5 4 3 1 2 3 6 3 6 4 6 4 6 6 6 6 6 6 4 4 4 5 6 6 6 6 4 6 4 4 4 6 6 4 6 6 4 4 4 6 6 6 6 4 6 4 1 6 6 6 6 5 4 6 6 6 6 4 6 6 6 4 4 1 3 6 7 5 6 4 6 6 6 6 4 6 7 6 4 3 4 4 6 4 1 6 3 7 6 6 6 6 4 4 4 6 6 6 6 4 6 6 6 6 4 4 6 6 5 6 6 3 6 6 6 6 6 6 6 4 4 3 3 4 4 4 6 6 6 6 4 3 4 4 6 4 4 3 3 6 4 6 6 4 4 4 4 
0
445
29 4 1 208 232 624 
32 5 2 188 356 696 913 
30 7 3 42 338 701 1522 1793 1807 
24 4 4 794 2124 2499 
31 8 5 70 71 86 474 477 969 970 
34 6 6 35 628 1987 2629 2662 
36 12 7 1092 1215 1216 1217 1251 1252 1253 1254 1303 1304 1305 
24 8 8 384 644 1425 1447 1974 2452 2480 
31 5 9 486 487 596 626 
22 10 10 617 974 1080 1516 1685 2453 2481 2482 2619 
29 5 11 31 1614 1632 1795 
28 4 12 506 1098 1930 
21 14 13 64 516 808 900 902 1190 1205 1548 1746 2340 2380 2463 2551 
28 7 14 933 1644 1737 1849 2412 2414 
34 14 15 25 30 122 158 1132 2040 2047 2194 2195 2197 2325 2326 2375 
27 6 15 1069 1421 1859 2131 2624 
29 4 16 36 131 392 
29 13 17 125 186 262 835 872 1036 1039 1050 1084 1123 1760 1904 
24 7 18 275 432 887 910 1781 2033 
31 10 19 29 352 753 837 948 951 1256 1266 2608 
25 8 20 69 226 369 496 1735 1942 1943 
30 6 21 582 1147 1246 1954 2483 
26 13 22 162 175 225 1086 1103 1533 1551 1810 2090 2092 2093 2674 
28 10 23 117 302 557 783 1142 1295 2175 2329 2415 
31 6 24 26 27 28 34 37 
28 8 32 246 249 303 981 1184 1792 1890 
32 6 33 459 2042 2046 2054 2189 
35 4 38 814 2249 2635 
35 10 39 237 409 802 803 825 945 1262 1975 2488 
36 9 40 280 323 480 646 1035 1399 2222 2645 
42 11 41 238 430 449 452 453 501 876 1244 1467 1769 
27 4 43 146 1236 1551 
27 7 44 1215 1230 1232 1251 1252 1253 
31 17 45 110 368 744 786 846 923 1560 1661 1681 2022 2103 2162 2231 2249 2408 2440 
26 16 46 402 426 445 507 804 977 992 1006 1387 1614 1671 1791 1997 2089 2255 
27 4 47 254 640 641 
29 9 48 239 393 1193 1276 1372 1420 1944 2509 
28 12 49 50 1435 1439 1454 1458 1460 1464 1466 2228 2232 2396 
32 11 49 199 318 627 886 1425 1640 1715 1722 1838 2613 
22 19 51 389 522 598 638 920 979 1054 1102 1390 1452 1580 1638 1684 1775 1870 2168 2185 2381 
29 9 52 268 306 339 349 359 360 440 1109 
35 12 53 300 326 380 504 569 690 938 1074 1604 1779 2534 
30 5 54 1171 1173 1264 1360 
25 7 55 56 57 58 150 2672 2673 
34 6 59 112 1327 1586 2187 2339 
35 4 60 61 1868 1969 
23 4 62 172 231 2505 
23 11 63 165 889 1048 1064 1369 1414 2052 2058 2122 2643 
39 4 64 65 1003 1709 
22 5 66 687 874 2580 2581 
33 7 67 92 879 960 1009 1183 1701 
31 5 68 79 84 87 679 
26 8 70 71 189 764 1186 1307 1739 1968 
24 5 72 81 101 127 600 
21 6 73 142 223 282 408 2109 
34 6 74 229 1028 1797 1844 1976 
30 12 75 693 843 926 1375 1467 1744 1840 2055 2068 2230 2515 
25 4 76 1032 1243 1612 
36 10 77 971 1014 1021 1066 1911 1912 1915 1916 1918 
30 13 78 93 97 106 118 139 143 221 313 702 893 1790 2670 
26 9 80 83 197 666 1350 1947 2429 2516 2620 
28 5 82 224 777 778 1783 
27 11 85 227 833 1078 1110 1406 1708 2024 2057 2060 2082 
27 20 86 111 184 350 474 724 875 1250 1482 1523 1552 1572 1613 1668 1673 2114 2238 2261 2546 2630 
30 8 88 398 813 878 983 1053 1880 2263 
34 10 89 743 940 1114 1300 1345 1349 1800 2123 2492 
25 10 90 227 287 395 505 892 908 924 1714 1830 
29 4 91 289 290 962 
28 4 94 95 1257 1985 
33 6 96 98 99 100 102 103 
29 10 104 584 604 657 688 695 698 765 1300 2668 
21 13 105 490 637 656 899 1121 1471 1719 1875 1980 2297 2384 2522 
27 10 107 342 373 467 546 739 747 809 1051 1394 
30 4 108 115 446 743 
33 4 109 272 680 853 
24 4 110 1979 2160 2162 
30 5 111 530 542 1587 2013 
37 14 113 133 1307 1417 1485 1525 1741 1742 1747 2004 2176 2177 2190 2284 
30 4 114 116 151 152 
29 4 119 160 192 475 
33 14 119 160 200 436 475 717 815 953 1202 1751 1950 1956 2318 2533 
33 15 120 121 251 451 455 862 863 864 865 868 869 870 881 1377 1378 
32 9 123 124 1192 1204 1206 1207 1208 1209 1438 
26 11 125 186 262 716 872 1036 1039 1084 1123 1760 1904 
34 4 126 761 1712 1879 
35 15 128 556 634 739 1308 1354 1361 1367 1780 1856 2074 2087 2181 2541 2597 
32 9 129 136 321 322 513 520 2390 2589 2596 
29 5 130 1081 1271 1787 2147 
25 4 132 517 518 667 
25 4 134 531 532 941 
32 8 135 1789 1902 2136 2265 2338 2455 2467 
35 4 137 472 2021 2536 
30 9 138 190 566 567 951 1283 1284 2456 2532 
31 11 140 1159 1196 1203 1213 1214 1235 1565 1672 1865 2272 
33 4 141 586 2157 2258 
29 6 144 757 780 784 1566 1657 
25 18 145 168 414 500 880 1211 1419 1456 1723 1835 1894 1897 1898 2443 2462 2608 2675 2677 
25 6 147 347 861 2081 2613 2618 
33 5 148 311 1059 2584 2585 
29 7 149 217 218 219 220 2213 2465 
26 7 153 171 173 174 206 212 1806 
31 11 154 155 156 157 159 407 1115 1329 1470 1520 1523 
16 4 161 699 2311 2514 
29 5 162 175 2090 2092 2093 
33 5 163 559 816 2244 2522 
31 15 164 388 478 502 1352 1450 1694 1802 2188 2214 2215 2360 2545 2682 2690 
29 7 166 170 469 1045 1738 1809 2687 
26 5 167 858 987 1026 2236 
29 4 169 732 1590 2070 
20 4 176 267 1972 2404 
29 11 177 182 890 1724 1726 1730 1734 1748 1750 1754 1755 
37 4 178 179 180 181 
38 17 183 314 345 428 824 907 998 1382 1593 1707 1888 2051 2125 2205 2392 2426 2576 
32 7 185 211 563 710 1917 2416 2464 
39 4 187 939 1299 1505 
27 6 191 207 733 1838 1999 2577 
29 4 193 203 205 568 
20 12 194 198 491 597 961 1087 1476 1720 1794 2132 2199 2313 
27 9 195 1925 2039 2043 2212 2328 2417 2605 2607 
36 6 196 658 1233 1249 1981 2658 
32 7 201 333 1174 1440 1441 1772 2688 
35 6 202 421 1351 1444 1650 2678 
21 4 204 676 703 1364 
23 8 207 305 1784 2250 2252 2351 2538 2654 
28 5 209 797 798 799 1144 
26 4 210 1152 1593 1694 
29 10 213 247 248 361 413 1971 1977 2264 2393 2438 
35 7 214 301 1108 1642 1818 2014 2400 
25 12 215 1104 1105 1106 1107 2034 2035 2036 2094 2095 2593 2594 
24 9 216 234 235 337 404 1166 2000 2006 2022 
35 20 216 333 605 695 882 983 1053 1124 1174 1224 1306 1772 1804 1861 1880 2478 2548 2582 2587 2688 
30 4 222 279 2075 2259 
36 13 228 481 636 643 847 1029 1088 1089 1090 1129 1494 1525 2689 
35 4 230 396 583 606 
23 17 233 250 386 416 594 771 829 841 1185 1188 1255 1633 1643 2063 2154 2262 2616 
25 7 236 715 1477 1647 1857 1859 1860 
29 13 236 387 441 584 681 830 1187 1341 1398 1506 2475 2476 2536 
28 6 240 494 820 1484 1745 2088 
35 11 241 540 543 901 1705 1949 2007 2223 2276 2398 2420 
29 5 242 281 283 284 285 
22 7 243 244 419 1288 2160 2309 2628 
38 17 245 1004 1040 1131 1356 1596 1598 1667 1778 2026 2027 2072 2091 2161 2209 2229 2377 
33 4 252 1019 1020 1936 
24 4 253 498 508 2663 
28 4 253 276 1016 2507 
29 5 255 295 1011 1044 1224 
25 14 256 257 294 341 442 581 708 918 919 921 922 1397 1710 2353 
26 9 256 581 632 1407 1591 1893 2277 2331 2670 
30 6 257 921 922 2562 2563 2606 
31 4 258 635 1910 2225 
31 12 259 358 427 705 788 791 884 993 1005 1269 1270 2204 
34 4 260 291 931 1605 
31 9 261 374 375 376 377 420 471 675 1594 
19 4 263 645 1491 2383 
34 4 264 470 1955 2174 
34 6 265 915 1031 1197 1654 1773 
21 5 265 483 2211 2350 2537 
27 9 266 756 1575 1577 2407 2410 2424 2425 2639 
30 4 269 270 1178 1461 
21 6 271 418 510 1155 1474 2001 
26 4 273 274 1558 1660 
33 7 277 367 607 997 1802 1862 2292 
31 7 278 686 1218 1219 1220 1221 1222 
21 6 286 318 509 810 903 1145 
21 5 288 615 618 689 806 
35 5 292 382 476 555 558 
23 9 293 826 834 912 1154 1358 1579 1710 2179 
34 4 296 297 298 299 
25 6 304 738 1623 2290 2330 2333 
30 8 307 1140 1141 1404 1635 1958 2248 2561 
35 4 308 811 978 1601 
37 4 309 310 325 394 
26 4 312 316 1085 1245 
34 6 314 317 320 354 458 515 
23 6 315 426 437 544 2240 2386 
37 7 319 742 1371 1953 2083 2473 2474 
23 16 324 327 340 341 358 668 669 670 800 1005 1269 1270 1286 1290 1324 1405 
35 5 328 329 330 331 332 
26 4 334 346 415 1472 
27 6 335 535 666 774 1037 2399 
29 5 336 642 725 781 1061 
30 4 343 344 2097 2115 
34 4 348 964 965 1658 
34 8 351 758 759 903 1527 1872 2312 2388 
29 4 353 2352 2355 2610 
28 5 355 473 663 1153 1933 
32 7 357 1069 1522 1533 1908 2429 2454 
38 6 362 1160 1161 1162 1164 2257 
24 15 363 370 371 629 840 860 1137 1583 1876 1913 1960 1963 1965 1966 2323 
28 4 364 365 366 1180 
22 4 372 1049 2113 2614 
39 11 378 447 541 1402 1623 1863 2076 2284 2497 2625 2631 
28 4 379 381 579 580 
40 5 383 489 492 801 986 
33 11 384 560 572 1391 1395 1396 1507 1777 1786 1788 2064 
32 5 385 399 1023 1072 1343 
33 4 389 979 1390 1625 
39 11 390 782 897 1118 1168 1401 1403 1479 1507 1864 2555 
31 12 391 588 955 1272 1392 1833 1858 1941 2012 2084 2239 2327 
26 4 397 461 1293 1483 
38 4 400 1437 1509 1655 
33 4 401 403 405 406 
30 4 410 411 412 431 
24 5 417 1639 1996 2102 2552 
32 8 422 610 1799 2309 2431 2432 2439 2450 
23 8 423 1027 1150 1363 1443 1886 2566 2645 
22 5 424 706 839 1490 2571 
30 13 425 625 1247 1541 1641 1698 1944 2235 2294 2413 2650 2651 2656 
29 8 429 443 454 457 462 464 2059 2077 
32 4 433 1177 1469 2129 
32 5 434 2321 2334 2335 2336 
31 6 435 438 1138 1731 1749 2192 
27 12 439 441 523 524 525 1001 1008 1362 1410 1621 1645 2466 
28 6 444 499 1156 1157 2600 2602 
22 4 448 952 2234 2484 
34 5 449 450 452 453 501 
33 6 456 956 1082 1659 1665 2178 
29 6 460 611 949 1841 2365 2592 
35 4 463 536 537 554 
30 5 465 466 468 1649 2028 
31 7 479 480 481 482 593 599 614 
37 4 484 1508 2020 2382 
33 7 485 700 1113 1340 1365 1568 2045 
27 4 486 487 596 626 
27 6 488 575 623 685 749 750 
20 4 493 1432 1540 1709 
46 4 495 511 836 842 
22 4 497 770 1510 1511 
19 5 502 504 1352 1450 2682 
27 4 503 514 832 914 
31 10 509 559 745 785 850 1116 1271 1285 1496 1924 
28 5 512 2475 2476 2625 2627 
23 6 515 1071 1430 1811 2023 2252 
23 6 519 828 857 905 1263 2361 
35 9 521 2107 2156 2275 2363 2558 2559 2578 2579 
32 7 523 524 525 1001 1008 1410 2466 
29 15 526 822 891 973 982 984 985 994 996 1010 1073 1125 1627 1637 2573 
35 14 527 1199 1200 1373 1455 1468 1715 1722 1774 1922 1974 2133 2184 2210 
34 7 528 704 1416 1418 1717 1718 1743 
32 6 529 1560 1941 2012 2517 2518 
19 5 533 601 602 821 1929 
26 4 534 1512 1854 2080 
31 4 538 540 545 1042 
28 8 539 1192 1204 1206 1208 1209 2039 2655 
28 11 545 585 1225 1226 1227 1228 1229 1230 1231 1232 1542 
41 16 547 548 549 550 551 552 616 954 995 1133 1429 1561 2026 2027 2270 2612 
28 5 553 1451 1457 1669 1670 
20 9 561 562 639 958 1195 1449 1832 2308 2310 
22 5 564 565 735 775 792 
38 4 570 571 573 574 
29 5 572 1024 1777 2286 2288 
25 14 576 691 707 728 746 752 768 769 812 817 818 947 988 2211 
18 6 577 595 1878 2216 2324 2665 
29 10 578 895 896 975 976 990 1075 1076 1143 2560 
27 6 587 612 823 906 2251 2267 
34 5 588 867 1134 2053 2550 
30 4 589 590 591 592 
26 5 603 606 719 2398 2420 
33 5 608 1446 2381 2572 2574 
30 7 609 1823 1824 1906 1907 2182 2186 
30 5 613 1893 2218 2354 2680 
34 4 613 1847 2218 2664 
28 4 619 620 622 631 
27 6 621 819 1336 1967 2019 2169 
34 5 630 697 1342 1419 1421 
38 6 633 747 748 772 795 1398 
35 5 647 664 672 673 2637 
20 7 648 649 650 651 652 653 654 
26 4 655 1119 1848 2293 
31 8 659 1391 1395 1396 1401 1786 2064 2479 
37 8 660 827 845 847 848 851 1273 1274 
26 4 661 729 773 852 
30 4 662 751 1948 2376 
34 7 665 711 712 713 737 741 2591 
22 10 671 674 754 755 1330 1331 1332 1333 1335 2183 
25 5 672 673 1125 1895 1896 
28 5 677 678 877 1740 1909 
24 9 682 683 684 1139 1383 1384 1385 1831 2519 
36 4 692 694 709 1122 
24 4 714 785 2196 2609 
22 7 718 833 902 1309 1646 2299 2532 
41 4 720 721 722 723 
29 8 726 727 854 1536 1537 1792 2403 2595 
22 4 728 1137 1876 2397 
25 4 730 1338 1339 2170 
29 6 731 736 776 968 1776 1931 
32 8 734 1556 1559 1578 2200 2201 2202 2254 
23 4 740 744 1062 1376 
40 4 757 959 1892 2575 
39 4 760 1619 1620 2521 
24 4 762 1165 2287 2289 
21 4 763 1905 1932 2510 
34 9 764 779 787 1500 1535 1582 2171 2652 2679 
29 4 766 767 1025 1043 
28 6 789 790 1501 1502 1503 1504 
29 4 793 1884 1961 2112 
29 8 796 1298 1302 1589 1867 2241 2423 2513 
33 5 802 803 2163 2164 2356 
27 5 804 805 807 2143 2145 
27 8 805 1359 1408 1951 2100 2295 2448 2611 
22 4 830 831 1120 2547 
35 5 838 839 1249 1585 2065 
27 4 840 860 2397 2457 
28 6 844 849 856 1871 1872 1874 
18 4 855 1117 2173 2490 
27 5 856 928 1199 1817 2491 
29 4 859 1200 1435 2133 
30 5 866 917 1453 1770 2221 
28 4 871 873 2669 2681 
29 8 883 1622 1752 1900 1984 2066 2121 2237 
32 4 885 1034 2314 2542 
32 16 888 1562 1574 1576 1686 1687 1688 1762 1763 1764 1765 1766 1767 1771 1852 1853 
31 13 894 999 1077 1248 1328 1524 1528 1553 1702 1805 1899 2549 2623 
33 9 897 1056 1448 1480 1761 1889 2291 2401 2402 
21 4 898 1146 1757 1758 
23 4 898 972 1487 2119 
35 4 904 1629 1630 2096 
26 6 909 1038 1047 1128 1534 1727 
19 4 911 925 927 1842 
31 6 915 1197 1654 1773 2271 2601 
34 9 916 1282 1381 1389 1445 1478 1602 2140 2141 
35 9 920 1095 1102 1151 1452 1465 2185 2535 2667 
25 4 929 1843 2506 2556 
29 14 930 1055 1060 1067 1068 1126 1127 1130 1785 1796 1803 1927 1982 2253 
34 4 932 1007 1194 1380 
32 4 934 935 936 937 
34 4 942 1278 1682 1957 
23 4 943 944 945 946 
34 6 950 1798 2078 2079 2144 2409 
34 4 953 1279 1280 2684 
30 4 957 1013 1052 1877 
24 4 963 966 1015 1873 
38 5 967 1475 1611 1615 2427 
26 4 980 1348 2357 2359 
31 4 989 1422 1934 1935 
24 15 991 1321 1393 1607 1608 1609 1610 1618 1624 1626 1703 1768 1826 2565 2595 
25 4 1000 1002 2621 2632 
28 10 1012 1814 1947 1970 2002 2364 2564 2570 2590 2649 
32 4 1017 1083 2191 2653 
34 5 1018 1325 1481 2025 2666 
30 4 1022 1326 1691 2269 
26 4 1030 1242 1353 1430 
30 6 1032 1033 1721 1725 1728 1732 
32 4 1041 1167 1179 1323 
29 5 1046 2050 2304 2306 2387 
32 4 1057 1058 1191 1277 
33 4 1063 1065 2105 2389 
29 5 1070 1431 1666 1733 2626 
34 4 1079 1172 1181 1320 
25 6 1091 1819 1820 1821 1822 1827 
27 7 1093 1094 1846 2016 2029 2038 2180 
33 5 1096 1097 1099 1100 1101 
31 4 1111 1112 1919 2062 
28 4 1135 1136 1240 1241 
24 6 1148 1756 1940 2428 2430 2434 
37 5 1149 1903 2106 2110 2320 
40 5 1158 1413 1636 1693 1753 
30 4 1163 1530 1549 1554 
29 5 1169 1170 1409 1411 1412 
27 7 1175 1176 1513 1514 1517 2008 2273 
35 4 1182 1628 1695 2615 
26 4 1186 1189 1190 1837 
27 5 1198 1920 1921 1923 1959 
31 6 1201 1486 1519 1631 1729 2005 
31 5 1210 1211 1937 1994 2018 
36 4 1212 1939 2158 2159 
34 13 1216 1217 1225 1229 1231 1238 1239 1254 1258 1301 1304 1305 2538 
26 6 1223 1265 1267 1268 2511 2512 
27 4 1226 1228 1275 1310 
35 4 1234 1406 1463 1699 
20 4 1237 1296 1914 2111 
29 5 1238 1239 1275 1301 1310 
31 5 1259 1260 1261 2468 2477 
30 4 1281 1287 1289 1291 
17 4 1292 1597 1801 2067 
33 4 1294 1370 1379 1679 
34 4 1297 1881 1882 2203 
25 9 1311 1312 1313 1314 1315 1316 1317 1318 1319 
27 7 1322 1538 1539 2116 2117 2118 2274 
24 4 1334 1473 1926 2108 
23 9 1337 1344 1345 1346 1349 1400 2492 2494 2495 
25 4 1347 2411 2599 2603 
33 4 1355 1883 2486 2487 
31 8 1357 1581 1683 2056 2098 2165 2193 2633 
29 8 1366 1368 1573 1606 1662 1973 2358 2543 
28 6 1374 1584 1782 1855 1866 2061 
29 5 1386 1986 1989 1993 2128 
22 7 1388 1603 1885 2099 2101 2302 2583 
32 5 1415 1547 2085 2349 2379 
25 5 1423 1424 1428 1696 1736 
26 5 1426 1808 1812 1815 1816 
34 5 1427 2458 2459 2460 2485 
31 4 1433 1434 2489 2683 
28 11 1436 1459 1462 1543 1544 1546 1563 1564 1567 1569 1571 
25 4 1442 1697 1995 2648 
31 9 1488 1489 1545 1550 1592 1599 1600 1713 1901 
27 6 1492 1493 1497 1499 1570 1813 
25 7 1495 1515 1518 1555 1617 1648 1652 
38 6 1496 1498 1521 2041 2044 2049 
27 4 1526 1531 1532 1891 
37 6 1529 1689 1690 1845 2017 2086 
19 4 1557 2030 2307 2322 
30 12 1588 1595 1616 1678 2134 2135 2166 2337 2362 2553 2636 2638 
28 5 1634 1651 1653 1706 1759 
24 4 1656 1825 1869 2451 
35 5 1663 1664 2127 2405 2406 
34 4 1674 1675 1676 1677 
36 12 1680 1700 1704 1711 1716 1964 2011 2345 2436 2437 2441 2442 
27 5 1684 2069 2142 2146 2577 
30 5 1692 2007 2104 2282 2539 
28 8 1700 1704 1711 1716 2436 2437 2441 2442 
19 4 1828 1829 2071 2073 
33 4 1834 1836 1839 1952 
27 4 1850 1851 2198 2685 
22 4 1858 2084 2100 2239 
27 6 1887 2167 2268 2341 2433 2435 
34 5 1928 2037 2172 2401 2402 
29 5 1938 1988 1990 1991 1992 
31 4 1945 1946 1978 2644 
27 5 1960 1962 1963 1965 1966 
39 6 1983 2120 2242 2493 2496 2498 
28 7 1998 2126 2130 2137 2138 2148 2634 
29 7 2003 2296 2298 2300 2301 2303 2305 
28 4 2009 2010 2015 2598 
25 4 2031 2032 2391 2449 
27 5 2048 2217 2461 2544 2676 
19 4 2055 2387 2423 2520 
30 4 2131 2622 2630 2674 
41 4 2139 2243 2508 2554 
27 5 2149 2150 2151 2152 2153 
23 6 2155 2206 2256 2315 2617 2647 
24 7 2207 2208 2233 2283 2385 2588 2604 
27 20 2219 2220 2224 2226 2227 2316 2317 2342 2343 2344 2346 2347 2348 2366 2368 2371 2373 2374 2394 2395 
27 7 2245 2246 2247 2640 2641 2646 2686 
30 4 2260 2540 2557 2671 
27 4 2266 2319 2332 2568 
31 5 2278 2279 2280 2281 2285 
36 5 2367 2369 2370 2372 2378 
31 4 2418 2419 2421 2422 
24 4 2444 2445 2446 2447 
32 5 2469 2470 2471 2472 2504 
27 4 2500 2501 2502 2503 
34 9 2523 2524 2525 2526 2527 2528 2529 2530 2531 
37 4 2567 2569 2586 2642 
25 4 2657 2659 2660 2661 
