1
2512
4 6 4 4 6 6 4 4 4 2 3 6 6 3 6 6 5 6 4 4 3 3 6 6 1 1 4 4 4 6 6 6 6 4 1 6 6 6 4 6 6 6 6 6 6 6 6 6 6 1 3 6 6 4 4 6 4 1 3 5 6 6 6 1 6 6 6 6 6 6 6 4 4 4 6 6 3 6 4 4 7 4 7 4 6 4 4 6 4 6 6 6 3 4 1 1 1 6 4 4 4 4 4 3 4 1 1 1 1 1 1 3 7 4 4 6 6 2 6 4 1 4 4 4 4 3 6 6 4 4 6 6 4 5 1 4 4 3 1 4 6 4 6 1 6 4 6 6 6 6 6 6 6 6 6 6 6 6 4 4 4 6 6 1 4 4 4 4 4 5 6 4 4 4 4 6 6 6 5 6 6 1 4 6 4 4 6 6 5 4 3 6 6 6 6 4 6 1 4 6 6 6 4 6 6 6 6 6 6 6 4 6 6 6 6 7 6 6 6 6 1 6 6 4 4 3 3 1 4 4 4 4 5 4 6 6 6 4 4 6 6 6 4 3 6 6 2 2 6 3 6 6 6 6 1 6 6 6 6 6 6 6 6 3 6 6 6 6 6 1 6 7 5 4 6 2 3 3 6 6 6 6 6 6 6 6 4 4 6 4 4 4 3 4 6 1 1 1 4 1 4 4 4 4 4 1 6 6 1 4 3 6 4 4 2 4 6 6 6 1 6 6 6 1 1 1 6 6 6 6 4 4 5 5 4 5 1 1 6 3 6 6 4 6 6 3 6 6 6 6 6 6 6 6 6 6 3 4 3 3 4 7 4 6 6 6 6 6 5 6 4 4 6 6 4 6 6 4 3 4 4 6 6 6 5 3 4 4 4 6 6 4 4 6 6 4 4 6 5 6 6 6 5 6 6 6 3 3 1 1 1 6 4 4 4 6 4 2 2 4 4 2 1 6 4 4 6 6 6 6 6 1 4 6 6 3 6 4 4 4 6 7 2 2 6 4 4 7 1 6 7 6 3 6 4 5 1 4 4 4 6 6 6 6 4 6 6 6 6 4 6 6 5 6 4 3 6 6 4 5 6 6 7 4 4 2 4 6 6 6 5 6 4 4 3 6 4 4 4 6 6 6 4 6 6 4 4 4 6 6 6 6 6 6 6 6 6 6 1 6 6 6 5 6 1 4 6 6 6 4 6 6 6 6 4 6 4 3 6 6 1 6 1 4 6 1 6 6 6 6 4 6 6 6 4 6 6 4 6 6 6 6 6 6 6 4 4 4 3 1 6 4 6 4 6 4 6 4 4 6 6 6 3 4 3 4 6 6 6 6 6 6 6 5 4 4 4 4 4 6 6 6 4 6 6 6 4 6 4 1 6 4 6 4 6 7 6 6 6 1 6 3 2 6 4 6 6 6 6 6 6 6 6 6 6 6 6 6 3 6 6 5 6 6 6 6 6 6 6 6 6 6 6 6 6 6 6 4 4 4 4 6 6 6 6 1 3 4 4 4 4 3 6 6 6 4 4 4 4 6 6 4 6 1 4 6 6 3 6 6 6 5 5 4 4 6 6 4 3 6 7 6 6 6 4 4 6 3 3 1 6 4 4 1 6 6 6 4 4 1 4 6 6 6 6 6 6 1 4 6 6 6 1 6 6 4 6 6 1 6 6 4 4 6 4 6 6 6 6 4 6 4 4 2 6 6 4 4 1 1 6 4 4 4 4 4 4 4 4 6 6 6 4 6 6 3 6 4 6 6 6 4 2 4 1 4 3 6 6 4 4 4 6 6 6 4 6 4 4 6 6 6 4 6 6 6 1 3 4 4 4 6 6 5 3 6 6 6 6 6 6 6 6 6 6 6 4 4 4 6 1 6 6 6 6 6 6 6 6 6 6 6 6 6 6 4 6 6 6 4 4 4 6 6 3 4 3 1 4 4 4 6 6 4 6 4 4 6 6 6 4 6 6 5 6 3 6 6 6 6 5 6 4 1 1 6 6 6 3 4 3 4 6 6 6 6 6 6 6 4 3 1 4 4 4 3 6 6 6 6 6 6 4 4 6 3 5 6 1 1 6 6 4 4 4 6 6 6 1 4 6 1 4 1 6 3 1 2 6 6 6 4 1 3 2 4 4 6 1 1 1 6 6 6 6 4 6 6 6 1 6 3 3 6 6 1 1 6 6 1 6 6 6 4 6 6 6 6 6 6 1 1 6 6 4 4 6 6 4 6 4 6 4 6 5 6 6 6 6 6 6 4 1 6 4 6 6 6 6 6 6 6 6 6 6 6 6 6 6 4 6 6 6 4 4 3 6 4 6 6 4 4 4 1 6 6 4 6 1 6 6 6 6 6 3 6 6 4 6 6 4 6 4 6 6 6 6 6 6 6 6 6 6 6 6 6 6 6 6 6 6 6 4 3 6 6 6 4 4 6 6 6 6 3 3 6 4 6 4 4 4 6 4 6 3 4 6 6 6 6 6 4 4 4 4 4 6 6 6 6 4 6 6 6 3 6 3 4 4 6 6 6 6 6 4 6 6 4 6 6 5 6 6 5 4 6 3 5 4 4 4 4 4 4 6 6 4 4 4 4 4 4 4 6 6 6 6 4 6 6 6 6 6 6 1 6 3 3 3 4 6 1 3 3 6 1 4 4 6 4 4 6 6 4 6 4 6 4 1 6 6 6 6 1 6 6 1 4 7 4 6 5 2 4 1 3 6 6 6 4 6 6 6 6 4 4 6 3 4 6 6 6 1 6 1 6 6 1 3 6 4 4 6 3 2 3 6 6 4 4 4 6 6 6 4 4 6 6 6 6 6 6 6 6 6 6 6 6 6 4 6 6 4 6 6 4 6 6 6 4 4 4 4 4 4 6 6 6 4 6 6 4 4 6 6 4 5 4 4 4 6 4 6 4 2 1 6 4 4 4 2 6 6 4 6 6 6 6 4 6 4 1 4 6 4 6 4 6 6 1 6 4 4 4 6 4 4 4 6 6 6 6 4 5 6 6 6 6 6 6 6 6 6 6 4 6 4 6 6 6 6 3 6 4 6 5 5 6 4 6 4 3 3 6 6 4 4 6 4 6 6 4 6 6 6 6 6 6 6 4 4 4 4 6 6 1 6 6 4 6 6 1 4 7 6 4 6 4 4 3 6 4 4 6 6 1 6 4 6 4 6 6 5 5 4 6 4 6 3 4 6 6 6 6 6 6 1 6 4 4 1 6 5 4 6 6 6 6 4 4 4 4 4 4 1 4 6 6 4 4 4 4 6 6 6 4 6 5 4 6 6 4 6 4 4 6 6 4 6 6 6 4 6 6 6 3 6 6 4 6 6 6 6 6 6 6 6 6 4 6 6 4 6 3 4 4 6 6 6 6 6 4 3 6 5 6 6 6 6 6 6 6 6 6 5 6 6 6 6 6 6 6 6 6 6 6 6 6 6 4 6 4 4 4 4 6 6 6 5 6 6 6 6 6 6 6 6 6 6 6 4 1 6 6 6 6 6 4 6 4 4 6 6 5 6 4 6 6 5 5 4 6 5 6 4 6 3 6 3 6 7 6 6 6 6 6 6 1 4 4 6 6 4 6 6 6 4 4 6 6 3 6 6 6 6 2 4 4 5 4 4 6 6 6 6 4 6 6 4 6 6 6 6 6 6 4 3 6 4 6 1 6 6 6 6 6 6 6 6 6 6 6 3 6 3 6 4 3 6 6 6 4 6 4 6 6 6 1 1 6 6 6 6 6 6 6 6 6 2 6 6 6 6 6 6 4 1 4 6 4 4 4 3 4 4 4 6 6 6 4 4 4 6 4 4 4 4 4 4 6 4 4 4 6 4 4 4 6 6 4 4 3 4 6 4 3 6 6 4 5 4 4 6 4 4 4 4 6 4 4 6 6 6 6 6 6 6 6 6 6 6 6 1 6 6 2 6 6 6 6 6 6 6 6 6 6 6 3 6 4 6 6 6 6 6 2 3 6 4 6 6 6 6 6 6 6 6 6 3 4 6 6 6 6 6 4 6 6 7 6 6 6 6 6 4 3 4 4 3 4 6 6 1 6 4 4 6 6 6 6 6 6 3 4 6 6 4 6 2 4 3 6 6 3 4 4 4 6 6 6 6 6 2 6 6 4 6 4 6 6 6 6 6 6 6 6 4 5 4 3 3 6 6 6 6 6 4 4 6 4 6 6 4 6 6 6 6 4 4 1 4 6 4 6 1 6 4 6 4 4 4 4 4 6 4 4 5 6 2 6 6 6 4 6 4 6 6 1 6 4 6 4 6 6 6 6 4 3 6 6 4 4 4 6 3 4 1 6 6 1 6 4 6 3 4 4 6 3 4 6 6 4 6 5 6 6 3 6 6 6 6 6 6 6 6 3 6 6 6 5 6 2 6 6 4 7 2 6 6 4 4 3 6 6 6 4 4 4 4 4 4 4 4 4 4 6 6 6 6 6 6 6 6 6 3 6 6 6 6 6 6 6 6 6 6 6 4 6 4 4 6 4 6 6 6 6 6 4 6 4 6 4 6 6 6 6 4 2 1 3 1 2 6 6 6 2 1 6 6 6 6 6 4 6 6 6 6 6 6 6 6 4 6 6 6 6 6 6 4 4 6 3 6 6 6 6 6 6 6 6 6 6 6 4 4 6 6 5 4 6 6 6 6 6 6 4 6 4 6 4 6 6 1 4 2 6 6 6 4 6 6 6 6 6 6 4 6 6 6 4 4 7 6 6 6 6 3 1 1 6 6 6 6 4 6 6 6 4 6 6 1 1 2 2 6 6 6 6 6 5 6 6 6 1 6 6 6 6 4 1 6 6 6 6 6 6 6 6 6 6 6 6 6 4 4 6 1 1 4 6 6 4 4 7 6 6 4 2 6 6 6 4 4 4 4 6 6 6 6 6 4 4 4 4 6 6 4 6 5 4 4 6 6 6 6 6 6 5 4 6 6 6 6 6 6 4 6 6 4 6 6 4 6 4 4 4 6 6 6 6 6 6 6 6 1 4 6 6 1 6 6 4 6 6 6 4 6 6 6 6 5 6 6 6 6 1 6 1 4 3 4 4 6 6 6 6 6 6 1 6 6 3 4 6 6 4 6 6 6 6 4 3 6 4 3 1 6 6 6 1 4 1 3 1 4 1 4 4 4 1 1 4 6 5 6 4 4 6 6 4 5 1 6 6 6 6 1 4 1 4 1 6 1 6 6 6 4 4 6 4 4 6 4 4 6 6 4 4 3 6 2 4 6 6 6 4 4 4 4 6 4 4 3 4 4 1 6 4 4 6 3 2 4 4 4 1 6 4 6 3 4 6 6 6 6 6 4 4 6 6 6 6 3 1 3 3 4 6 4 4 6 4 6 6 6 6 6 6 3 4 6 4 4 4 4 4 6 6 6 4 4 6 4 6 4 2 6 6 6 1 6 6 1 6 4 1 6 1 4 4 6 4 3 6 6 6 4 4 4 4 4 6 6 6 6 6 6 6 4 6 5 5 1 4 4 6 6 4 6 6 6 6 4 6 6 4 4 4 6 6 6 4 6 6 4 6 4 4 6 4 3 4 2 6 2 6 2 6 4 4 2 5 6 6 6 6 6 4 6 6 4 6 6 6 6 2 6 6 6 5 6 6 6 6 6 6 6 6 6 4 6 6 
0
423
31 4 1 1801 2002 2172 
34 4 1 1139 1142 1228 
32 8 2 83 332 571 572 599 1115 1935 
37 10 3 538 855 1137 1138 1997 1999 2020 2358 2441 
26 5 4 233 637 808 2389 
39 9 5 717 996 1390 1460 1461 1543 1748 1816 
36 7 6 764 899 918 1006 2391 2442 
30 5 7 79 2022 2351 2392 
25 4 8 9 221 2072 
30 6 10 594 695 1309 1871 2130 
28 10 11 104 250 857 866 867 1033 1128 1200 1352 
37 4 11 750 1860 2352 
26 8 12 947 1160 1226 1457 1587 2196 2197 
29 6 13 690 819 1220 1312 1744 
36 4 14 246 847 1291 
33 6 15 330 725 726 727 2009 
33 4 16 536 602 1230 
27 4 17 1093 1601 2372 
28 4 18 466 1777 1787 
24 4 19 21 22 315 
36 4 20 99 1372 2400 
25 6 23 24 262 267 322 323 
29 5 25 292 831 860 1263 
36 8 26 58 1148 1153 1158 1210 1315 1629 
24 6 27 89 473 564 721 1850 
26 6 28 421 905 906 1795 1796 
22 14 29 507 858 892 1032 1119 1214 1290 1452 1489 1658 1659 1985 2355 
27 10 29 169 1367 1459 1658 1659 1669 1780 1917 2107 
35 14 30 184 193 195 266 319 344 365 384 1405 1412 1984 2223 2236 
24 4 31 830 948 1036 
22 14 32 310 729 973 1035 1129 1332 1391 1585 1687 1933 2151 2188 2298 
32 5 33 198 944 1165 1218 
39 4 34 190 290 930 
36 7 35 166 423 453 1334 2115 2256 
28 11 36 138 533 771 985 1666 1992 2198 2263 2275 2472 
25 5 37 268 1106 1164 1431 
36 5 38 78 342 542 1512 
36 11 39 167 392 1197 1200 1806 1817 1881 1936 2181 2182 
28 8 40 209 257 416 802 1580 1663 2359 
34 4 41 794 795 895 
23 4 42 765 1681 1913 
22 8 42 53 128 874 1213 1321 1916 2297 
30 7 43 50 122 123 670 671 2301 
31 10 44 45 46 47 48 49 1010 1504 1693 2224 
18 6 51 476 530 567 568 742 
25 5 52 634 1583 1809 1810 
30 15 54 113 185 413 414 415 829 859 946 949 950 951 1333 1799 2259 
22 8 55 72 73 1719 2324 2327 2328 2342 
20 5 56 1126 1127 1506 1531 
26 13 57 1078 1148 1153 1575 2261 2274 2285 2288 2289 2292 2320 2388 
30 5 59 1184 1198 1231 1295 
33 5 60 577 1289 1419 1429 
34 6 61 386 388 389 785 1588 
29 9 62 81 131 132 271 478 896 2048 2402 
31 4 63 218 1069 2038 
24 10 63 189 743 1178 1275 1832 1837 1838 2133 2138 
29 8 64 1152 1239 1240 1403 2344 2346 2448 
32 10 65 1102 1117 1140 1143 1144 1147 1149 1151 1235 
26 9 66 67 68 69 70 71 2136 2408 2411 
24 9 74 387 549 750 1180 1202 1356 1403 2049 
31 5 75 76 1190 1191 1192 
26 4 77 1133 1872 2397 
28 13 80 234 313 508 698 782 1096 1111 1118 1464 1532 1597 1932 
26 6 82 84 85 1492 2420 2480 
37 4 86 1472 1889 2488 
27 13 87 484 485 811 814 846 1020 1223 1362 1363 1956 1957 2183 
27 7 88 203 902 1413 1414 1870 2209 
29 6 90 348 418 422 569 857 
21 4 91 471 1081 1545 
22 5 92 1261 1462 1538 2484 
27 8 93 95 903 1428 1912 2019 2021 2175 
31 9 94 247 248 306 309 316 890 900 1408 
28 4 96 101 102 120 
34 13 97 1885 2109 2194 2225 2345 2410 2413 2416 2418 2477 2481 2496 
33 11 98 651 652 653 654 655 656 683 746 748 749 
32 7 100 440 443 444 535 1589 1902 
27 13 103 247 248 889 901 1045 1389 1451 1833 2018 2042 2272 2344 
33 13 105 186 309 336 578 609 736 991 1369 1494 1863 2390 2483 
29 7 106 107 108 109 110 111 112 
32 7 114 475 701 989 1607 1654 1760 
39 5 115 1039 1095 1515 1829 
36 4 116 117 704 1244 
30 8 118 436 810 1399 1597 2249 2431 2482 
30 5 119 202 482 681 2150 
17 4 121 767 1569 2281 
31 4 124 126 129 505 
30 7 125 130 142 596 914 1300 1432 
23 9 127 400 401 663 788 994 1185 1187 1278 
33 15 133 135 136 137 139 196 439 677 762 763 766 967 995 1181 1608 
25 13 134 225 378 718 719 809 1396 1410 1900 2232 2356 2443 2456 
37 10 140 440 614 1117 1188 1235 1610 2002 2172 2329 
25 4 141 265 488 1375 
31 4 143 199 200 201 
23 7 144 803 807 810 919 920 2281 
34 5 145 528 1305 2247 2257 
40 7 146 224 433 694 1354 1359 1652 
32 11 147 408 669 706 796 961 1084 1411 1438 1869 2165 
28 14 148 149 150 151 152 153 154 155 156 157 158 235 236 237 
40 5 159 231 239 537 1281 
21 6 160 161 167 230 232 1245 
34 15 162 226 346 413 414 415 494 526 963 1074 1323 1430 2083 2241 2471 
31 4 163 622 1609 1714 
18 4 164 827 1216 1820 
31 15 165 747 931 939 940 984 1486 1756 1792 2071 2082 2092 2094 2293 2384 
32 5 165 334 338 851 1392 
34 4 168 301 993 1503 
30 6 169 876 1417 1420 1489 2107 
35 8 170 172 458 459 1270 1304 2204 2432 
26 4 171 251 632 952 
30 6 173 481 487 1778 1874 1949 
27 13 174 175 372 380 381 470 551 579 659 2206 2308 2457 2458 
27 4 176 540 1243 2203 
30 9 177 204 489 582 1599 1617 1674 1770 2054 
19 4 178 353 731 1052 
18 7 179 182 566 1307 1806 2076 2388 
24 4 180 181 192 856 
27 10 183 272 273 274 679 752 1131 1441 1476 1899 
36 8 187 626 2263 2315 2316 2317 2487 2499 
30 4 188 210 1121 2083 
36 5 191 754 1880 1882 1883 
28 5 193 409 410 411 1848 
22 12 194 304 387 623 625 1232 1501 1564 1569 1570 1573 2115 
31 11 197 908 1116 1319 1336 1466 1665 1713 1861 1864 2210 
30 8 205 245 406 407 615 1011 1208 1303 
33 10 206 223 244 293 431 539 585 593 910 2199 
29 6 207 212 213 214 215 217 
25 11 208 492 504 816 1249 1548 1708 1765 1958 2116 2253 
25 5 211 1502 1758 1928 2102 
30 4 216 483 616 1581 
29 7 219 220 1060 1146 1162 1547 1929 
34 4 222 649 1965 2404 
31 5 227 974 1680 1681 1803 
29 13 227 450 612 1015 1079 1150 1394 1886 1960 1989 2206 2403 2458 
26 11 228 336 578 620 684 736 1301 1494 1529 1862 1946 
28 11 229 446 447 798 916 1598 1805 1895 2089 2349 2429 
28 4 238 1025 1672 2294 
29 5 240 464 674 703 1061 
20 4 241 502 779 1782 
33 4 242 1062 1250 2127 
28 8 243 314 340 729 1005 1028 1593 1893 
27 5 249 370 373 374 1237 
27 5 250 776 866 1533 2159 
28 12 252 1236 1316 1327 1328 1715 1907 1908 2084 2394 2439 2467 
27 4 253 1145 1618 1679 
34 15 254 280 284 285 286 289 559 604 605 621 738 1024 1212 1302 1842 
32 7 255 390 519 584 603 1353 1970 
30 5 256 580 631 935 1221 
29 7 258 329 382 383 1179 1409 1421 
28 4 259 260 261 307 
27 4 263 1029 1378 1700 
31 13 264 305 692 728 799 945 1137 1365 1619 1764 1920 2321 2331 
23 4 269 275 437 445 
31 4 270 1413 1414 1415 
22 13 276 277 278 639 709 710 1087 1199 1246 1716 2000 2306 2398 
22 13 279 312 574 592 650 1355 1621 1818 1983 2011 2176 2264 2265 
30 6 281 282 283 734 1487 2340 
30 4 287 288 291 1858 
35 4 287 456 1322 2214 
27 13 294 302 375 493 555 558 923 924 925 1456 1479 2049 2336 
29 4 295 404 500 879 
30 9 296 297 298 300 320 324 325 326 525 
30 8 299 503 1647 2226 2275 2283 2287 2367 
33 8 303 333 369 457 570 1427 2033 2068 
30 15 304 439 496 563 677 682 991 1376 1587 1592 1879 2030 2103 2164 2465 
32 13 308 327 328 529 531 532 552 553 554 707 832 1057 1156 
22 12 311 678 680 685 699 1282 1366 1441 1451 1669 1779 2361 
30 6 317 318 1463 2077 2088 2227 
26 9 321 349 350 366 467 1558 1574 1579 1813 
21 5 331 455 456 693 861 
23 8 335 399 479 480 506 1073 2440 2511 
30 6 337 385 391 745 1827 1937 
29 4 339 341 345 1655 
25 9 343 785 1324 1458 1496 1798 2199 2345 2360 
30 7 346 379 1615 2019 2021 2106 2120 
29 4 347 1919 2489 2490 
25 5 351 352 675 2417 2461 
26 4 354 1329 1330 2128 
20 13 355 635 1086 1297 1376 1416 1418 1634 1822 1888 2267 2268 2273 
20 15 356 449 546 697 711 781 943 1335 1423 1491 1606 1628 1918 2098 2323 
32 4 357 1341 1752 2004 
31 7 358 359 360 361 1356 1533 1534 
41 6 362 448 451 787 1167 1174 
23 8 363 1263 1627 2069 2174 2187 2310 2500 
20 10 364 468 657 1047 1050 1166 1248 2079 2119 2125 
33 4 367 368 1485 2464 
30 4 371 1631 2376 2444 
31 5 372 470 1184 1266 2216 
28 5 376 430 820 1021 1247 
34 5 377 434 1044 1114 1620 
32 4 379 713 1287 2173 
36 7 393 417 420 660 739 1800 2249 
22 13 394 395 454 461 463 770 813 1541 1623 2254 2255 2432 2449 
34 4 396 397 661 676 
30 4 396 397 442 2134 
33 4 398 662 1358 1942 
26 9 402 1616 1743 1774 2121 2229 2252 2266 2415 
34 6 403 425 426 956 1465 2491 
26 4 405 2043 2217 2386 
27 6 409 410 411 432 1296 2313 
27 4 412 1788 1884 2122 
28 9 418 419 422 438 1819 2123 2124 2297 2473 
39 6 423 1161 2154 2155 2211 2212 
27 4 424 664 673 872 
29 4 427 534 1811 1812 
25 4 428 429 435 2426 
25 5 438 667 783 1875 1877 
38 4 441 2192 2193 2195 
29 6 443 444 678 2114 2477 2481 
39 4 452 1982 1990 2200 
29 10 460 672 730 875 907 1351 1718 2166 2250 2251 
30 5 460 1534 2100 2250 2251 
30 4 462 1041 1042 1141 
32 6 464 491 495 624 1626 1627 
32 4 465 1092 1857 2140 
30 7 469 1068 1075 1630 1802 2300 2318 
29 7 472 1040 1063 1501 2104 2262 2296 
22 9 473 668 966 1205 1225 1406 1646 2430 2479 
40 5 474 1508 1509 1510 1513 
32 6 477 696 2126 2277 2278 2469 
27 5 486 666 1386 1495 2108 
28 5 490 1122 1123 1388 1867 
33 8 497 498 499 576 595 597 1868 1871 
36 8 501 509 510 511 514 515 1077 2132 
30 5 508 523 701 881 1704 
40 4 512 513 516 518 
28 5 517 521 522 927 928 
35 6 520 1004 1222 1853 1856 1986 
27 4 524 581 801 2169 
29 8 527 1348 1387 1528 1591 1717 1953 2322 
30 9 536 780 1065 1493 1536 1622 1751 1828 1962 
31 5 541 2010 2012 2017 2050 
31 4 543 1032 1134 1241 
35 4 544 658 753 1048 
25 4 545 613 1055 2295 
34 13 547 1516 1517 1518 1519 1520 1521 1522 1523 1524 1525 1526 1527 
34 4 548 636 687 1401 
29 5 550 1182 1193 2014 2015 
30 4 556 557 619 744 
30 5 560 686 1262 2371 2412 
31 7 561 562 1759 2034 2035 2149 2186 
25 7 565 611 1896 1897 1906 2013 2016 
36 5 571 572 599 2405 2463 
29 4 573 965 1264 1265 
33 9 575 1350 1559 1768 2003 2007 2185 2260 2378 
31 5 583 1173 1824 1826 2475 
35 5 586 594 695 1309 1393 
23 4 587 588 589 590 
31 4 591 818 1132 1582 
23 6 598 1712 1786 1873 1966 2187 
29 5 600 601 608 1905 2053 
35 9 606 929 932 934 936 937 938 1551 1552 
30 13 607 757 758 759 760 769 778 784 786 790 791 792 1361 
24 14 607 757 758 759 760 769 778 784 790 791 792 808 1624 2000 
34 4 610 852 886 1478 
38 5 617 722 870 871 1404 
22 4 618 737 797 1027 
38 4 627 628 629 630 
30 8 633 1557 1662 1664 1790 1791 2073 2161 
26 7 638 1540 1735 1736 1737 1738 1742 
32 8 640 641 862 863 873 1046 1306 2023 
28 4 642 714 1363 2338 
28 5 643 865 1613 1614 2347 
29 4 644 645 646 647 
30 8 648 1049 1422 1661 2029 2031 2063 2152 
37 5 665 724 1157 1163 1175 
44 5 682 1089 1103 1602 1807 
34 5 688 986 1138 1171 1386 
30 6 689 864 1224 1357 1668 1720 
32 6 691 828 1219 1619 1925 2271 
33 4 700 1407 1749 2081 
26 4 702 2279 2305 2455 
31 12 705 815 942 1039 1331 1821 1915 1975 2246 2419 2427 2431 
23 6 708 1433 1434 1444 1445 1898 
35 10 712 713 1927 1955 1968 1969 1971 1972 1973 1974 
27 7 715 716 755 761 775 848 1083 
30 6 720 964 969 970 1847 1849 
24 8 723 817 946 951 1085 1136 1176 1373 
22 4 732 917 933 1539 
32 12 733 1268 1577 1643 1645 1648 1851 1961 1963 2168 2280 2300 
20 6 735 756 888 1337 1537 1830 
32 4 739 1051 1053 1345 
35 5 740 741 968 1242 1865 
32 4 745 1560 1561 2189 
28 4 751 1107 1183 2462 
27 6 768 915 1104 1105 1314 1544 
24 9 772 774 839 840 841 868 869 893 894 
24 7 773 1031 1186 1686 1730 1825 2225 
30 6 777 1349 1374 1656 1660 2466 
30 9 789 1398 1767 1769 1950 2096 2157 2158 2163 
32 6 793 853 1594 1978 1981 1995 
32 6 800 1009 1018 1022 1030 2494 
30 5 804 805 838 1256 1368 
32 5 806 1384 1395 1689 2330 
34 5 812 2024 2025 2028 2067 
36 6 821 822 823 824 825 826 
40 5 833 834 835 836 837 
35 4 842 843 844 845 
25 4 846 1272 1766 1814 
31 4 849 1435 1447 1448 
41 4 850 1037 1515 2175 
24 4 854 1454 2110 2335 
20 4 877 878 926 1259 
35 8 880 1467 1651 2006 2131 2208 2303 2304 
25 4 882 2141 2142 2143 
25 4 883 884 885 1026 
32 4 887 1762 1763 2144 
35 4 891 944 2189 2445 
20 4 897 898 958 959 
30 4 904 987 1002 1017 
22 4 909 911 912 1344 
34 14 913 1711 1797 2064 2080 2118 2184 2190 2191 2348 2379 2382 2422 2428 
23 5 921 922 1058 1059 2362 
28 4 941 953 954 955 
21 5 942 1130 1154 1180 2470 
24 11 957 1834 1835 1876 1901 1903 2333 2334 2414 2493 2495 
28 4 960 962 981 982 
25 5 971 1934 1938 2085 2287 
26 4 972 983 1360 1675 
37 5 975 976 977 979 2451 
43 7 978 1605 1657 1667 1671 1854 1855 
27 6 980 992 1007 1076 1400 1709 
24 4 988 1542 1945 2001 
21 5 990 1023 1227 1364 1951 
28 4 997 998 1745 2492 
38 6 999 1000 1001 1008 1043 1377 
26 4 1003 1189 1194 1283 
29 11 1012 1013 1080 1082 1097 1099 1100 1101 1108 1109 1110 
34 4 1014 1016 1019 1397 
34 13 1031 1090 1091 1104 1105 1399 1780 1952 2018 2026 2027 2065 2085 
33 8 1034 1273 1274 1298 1299 1311 1439 1590 
22 7 1038 1054 1469 1471 1473 1474 1488 
30 8 1051 1053 1317 1345 1347 1502 2101 2332 
31 6 1056 1098 1313 1625 1732 1996 
31 4 1064 1065 1066 1067 
33 6 1070 1071 1072 1088 1944 2421 
21 7 1094 1267 1436 1947 1959 2030 2148 
24 7 1112 1113 1120 1124 1195 1217 1308 
29 5 1125 1450 1505 1511 2215 
30 4 1135 1320 1611 2078 
23 4 1155 1318 1385 2066 
31 4 1158 1210 1315 1836 
32 4 1159 1556 1733 1823 
30 6 1167 1168 1169 1172 1173 1174 
32 10 1170 1279 1694 1695 1696 1698 1699 1701 1702 1705 
38 4 1177 2284 2286 2291 
24 4 1188 1286 1288 1326 
27 6 1196 1991 1993 2145 2497 2498 
38 4 1201 1238 1284 1285 
30 6 1203 1204 1206 1207 1209 1215 
32 5 1211 1578 1603 1650 1673 
31 5 1229 1234 2373 2374 2375 
31 4 1233 1546 1878 2383 
23 4 1251 1252 1293 1310 
32 6 1253 1254 1255 1257 1258 1346 
29 5 1260 1922 1923 1924 1926 
29 4 1269 1276 1277 1280 
26 5 1271 1313 1317 1347 1887 
34 8 1292 1294 1789 2008 2248 2423 2496 2510 
30 5 1325 1747 1750 2057 2070 
31 4 1335 1612 2099 2207 
20 5 1338 1339 1340 1342 1343 
17 5 1367 1437 1566 1739 1746 
35 4 1370 1371 1553 1670 
23 5 1379 1530 1571 1688 2276 
23 4 1380 1381 1382 1383 
31 6 1402 1535 1967 2162 2167 2468 
28 6 1406 1468 1881 2368 2377 2453 
29 5 1424 1425 1426 2399 2454 
33 5 1440 1442 1443 1446 1449 
31 4 1453 1507 1584 1586 
31 5 1455 1549 1572 1600 2409 
23 5 1470 1677 1891 1910 2205 
39 8 1475 1477 1484 1562 1943 1948 2074 2075 
24 5 1480 1481 1482 1483 1497 
30 6 1490 1576 1761 1839 1840 1841 
40 7 1498 1499 1500 1514 1550 1563 1565 
29 4 1554 1555 1567 1568 
29 4 1558 1579 1813 2406 
24 4 1595 1596 1653 1859 
22 4 1604 1734 2129 2156 
16 10 1632 1633 1635 1636 1637 1638 1639 1640 1641 1642 
23 4 1644 1941 1954 2135 
29 6 1649 1904 1914 1930 1931 1994 
33 15 1676 1678 1682 1683 1684 1685 1686 1690 1691 1692 1697 1703 1706 1707 1710 
33 14 1676 1678 1682 1683 1684 1685 1690 1691 1692 1697 1703 1706 1707 1710 
25 9 1721 1722 1724 1725 1726 1727 1728 1729 1911 
27 5 1723 1843 2005 2299 2381 
30 4 1731 2117 2369 2370 
27 4 1740 1741 1804 2244 
29 9 1753 1754 1755 1757 1771 1772 1773 1775 1776 
26 4 1781 1783 1784 1785 
33 5 1793 1808 1890 1892 1894 
28 7 1794 1939 1940 2146 2147 2160 2213 
36 4 1815 2105 2233 2506 
37 4 1831 2111 2112 2113 
20 4 1844 1845 1846 1852 
25 4 1866 2460 2485 2486 
25 4 1909 2385 2446 2447 
32 4 1921 2051 2052 2055 
23 4 1964 1980 1987 1988 
31 7 1976 1977 1979 2041 2093 2137 2326 
26 4 1998 2032 2170 2171 
28 5 2010 2012 2050 2139 2343 
27 4 2036 2037 2039 2040 
29 4 2044 2045 2046 2047 
32 6 2056 2058 2059 2060 2061 2062 
34 4 2086 2087 2090 2091 
32 4 2095 2097 2153 2512 
27 4 2096 2157 2158 2163 
28 4 2177 2178 2179 2180 
29 5 2201 2202 2258 2450 2459 
28 13 2218 2219 2220 2221 2222 2312 2433 2434 2435 2474 2507 2508 2509 
27 4 2228 2230 2231 2240 
30 8 2234 2235 2237 2238 2239 2242 2243 2245 
38 4 2269 2270 2452 2476 
33 6 2282 2290 2302 2307 2309 2311 
26 9 2314 2319 2325 2350 2357 2387 2407 2438 2478 
30 6 2337 2339 2341 2348 2379 2380 
30 6 2353 2354 2393 2395 2396 2401 
25 4 2363 2364 2365 2366 
30 4 2393 2395 2396 2401 
25 4 2424 2425 2436 2437 
31 5 2501 2502 2503 2504 2505 
